#!ascii label  , from subject fsaverage vox2ras=TkReg
1920
206  -28.355  -94.936  -4.694 0.0000000000
305  -22.551  -97.088  14.392 0.0000000000
574  -5.577  -82.716  31.669 0.0000000000
578  -22.159  -96.542  1.601 0.0000000000
627  -14.652  -70.280  -3.863 0.0000000000
629  -17.466  -73.370  -10.126 0.0000000000
687  -32.303  -90.898  -8.020 0.0000000000
980  -29.558  -89.454  -15.078 0.0000000000
1270  -11.003  -94.183  21.044 0.0000000000
1271  -7.803  -90.360  24.861 0.0000000000
1278  -21.554  -96.663  7.247 0.0000000000
1279  -24.046  -92.655  6.896 0.0000000000
1280  -23.774  -90.905  1.873 0.0000000000
1408  -19.866  -76.345  -7.468 0.0000000000
1410  -19.855  -64.549  -11.218 0.0000000000
1525  -34.103  -89.608  -10.429 0.0000000000
1695  -9.718  -77.871  21.551 0.0000000000
1701  -16.416  -98.420  15.077 0.0000000000
1779  -23.754  -83.335  -11.750 0.0000000000
1780  -20.119  -83.705  -8.329 0.0000000000
1997  -23.313  -86.814  -13.069 0.0000000000
2358  -4.820  -79.532  25.794 0.0000000000
2359  -7.033  -87.438  31.384 0.0000000000
2360  -5.665  -85.005  26.852 0.0000000000
2371  -25.845  -95.758  -0.967 0.0000000000
2372  -27.897  -90.447  -1.488 0.0000000000
2517  -16.198  -63.555  -4.975 0.0000000000
2521  -17.052  -81.635  -10.003 0.0000000000
2524  -14.333  -70.103  -8.879 0.0000000000
2525  -18.533  -65.346  -6.986 0.0000000000
3190  -12.151  -94.615  17.275 0.0000000000
3191  -11.252  -92.435  18.303 0.0000000000
3498  -27.547  -94.983  -7.453 0.0000000000
3500  -33.447  -91.066  -9.391 0.0000000000
4377  -29.214  -87.580  -15.606 0.0000000000
4379  -26.217  -87.957  -14.600 0.0000000000
4380  -23.740  -88.814  -12.936 0.0000000000
4381  -25.364  -86.428  -15.249 0.0000000000
4382  -25.412  -84.108  -14.344 0.0000000000
5247  -6.939  -80.581  29.329 0.0000000000
5248  -6.789  -79.561  26.664 0.0000000000
5249  -4.551  -80.957  28.663 0.0000000000
5251  -9.005  -86.388  30.967 0.0000000000
5252  -8.745  -89.286  29.582 0.0000000000
5253  -8.260  -88.029  22.200 0.0000000000
5254  -6.742  -87.917  26.167 0.0000000000
5272  -19.328  -97.894  14.958 0.0000000000
5274  -20.003  -98.271  11.703 0.0000000000
5275  -20.532  -96.233  3.805 0.0000000000
5283  -25.528  -90.702  0.098 0.0000000000
5648  -15.628  -67.093  -3.836 0.0000000000
5657  -20.817  -81.352  -6.798 0.0000000000
5658  -17.962  -82.692  -8.634 0.0000000000
5659  -19.230  -80.222  -7.528 0.0000000000
5660  -18.877  -74.809  -9.082 0.0000000000
5661  -18.166  -78.033  -10.199 0.0000000000
5662  -16.346  -76.929  -9.521 0.0000000000
5666  -16.174  -71.593  -9.810 0.0000000000
5667  -21.414  -61.502  -9.359 0.0000000000
5668  -18.736  -64.538  -9.168 0.0000000000
5669  -21.216  -62.777  -7.777 0.0000000000
5670  -20.498  -62.837  -5.717 0.0000000000
5842  -28.381  -92.414  -4.861 0.0000000000
5843  -29.023  -92.899  -6.927 0.0000000000
5844  -30.835  -90.034  -6.741 0.0000000000
6369  -32.134  -90.489  -14.237 0.0000000000
6371  -32.741  -89.252  -15.858 0.0000000000
6893  -7.368  -84.006  33.508 0.0000000000
6894  -10.929  -92.636  24.789 0.0000000000
6895  -8.858  -91.454  27.109 0.0000000000
6896  -9.370  -92.517  23.097 0.0000000000
6897  -9.614  -90.524  20.582 0.0000000000
6907  -25.149  -96.055  12.925 0.0000000000
6908  -22.639  -97.351  10.817 0.0000000000
6909  -24.274  -95.643  9.801 0.0000000000
6910  -22.457  -94.475  6.956 0.0000000000
6911  -21.748  -94.119  3.710 0.0000000000
6912  -23.027  -93.883  1.553 0.0000000000
6913  -23.226  -91.600  4.351 0.0000000000
7140  -21.056  -77.336  -6.467 0.0000000000
7142  -20.803  -72.331  -6.925 0.0000000000
7143  -20.257  -70.795  -9.907 0.0000000000
7144  -18.983  -69.182  -11.138 0.0000000000
7145  -21.702  -66.578  -10.630 0.0000000000
7395  -29.903  -92.888  -8.833 0.0000000000
7397  -31.092  -91.585  -12.271 0.0000000000
7398  -35.111  -88.661  -12.614 0.0000000000
7808  -13.569  -96.466  16.858 0.0000000000
7809  -13.933  -98.266  15.064 0.0000000000
7810  -15.600  -96.766  16.734 0.0000000000
7811  -18.246  -96.583  16.440 0.0000000000
7812  -21.198  -95.717  15.816 0.0000000000
7989  -22.535  -85.661  -9.862 0.0000000000
7990  -20.149  -85.892  -8.668 0.0000000000
7991  -22.345  -83.605  -9.832 0.0000000000
8573  -22.264  -87.602  -10.008 0.0000000000
8574  -23.341  -84.907  -12.614 0.0000000000
9629  -7.390  -78.456  24.005 0.0000000000
9632  -7.818  -85.704  33.233 0.0000000000
9633  -5.734  -85.319  32.429 0.0000000000
9634  -6.881  -89.539  28.586 0.0000000000
9635  -5.840  -86.925  29.716 0.0000000000
9636  -4.493  -84.000  29.856 0.0000000000
9637  -4.250  -82.376  26.562 0.0000000000
9661  -19.899  -97.992  7.953 0.0000000000
9669  -28.140  -95.285  -2.461 0.0000000000
9670  -24.589  -93.452  0.041 0.0000000000
9671  -26.920  -93.084  -1.148 0.0000000000
9672  -28.310  -92.665  -2.893 0.0000000000
9673  -28.540  -90.256  -3.441 0.0000000000
10117  -18.031  -85.521  -9.792 0.0000000000
10120  -18.801  -79.257  -8.914 0.0000000000
10121  -16.431  -80.689  -11.699 0.0000000000
10128  -14.463  -70.550  -6.597 0.0000000000
10129  -17.152  -67.555  -10.134 0.0000000000
10130  -16.801  -67.534  -7.734 0.0000000000
10131  -16.797  -68.144  -5.301 0.0000000000
10132  -17.651  -64.944  -5.106 0.0000000000
10870  -12.789  -95.331  15.635 0.0000000000
10871  -12.351  -93.846  15.648 0.0000000000
11006  -18.343  -87.711  -7.364 0.0000000000
11176  -28.069  -96.049  -5.062 0.0000000000
11178  -28.001  -95.045  -6.023 0.0000000000
12057  -28.896  -86.867  -16.162 0.0000000000
12058  -27.715  -87.701  -15.130 0.0000000000
12059  -27.349  -87.109  -15.699 0.0000000000
12060  -25.799  -87.411  -15.133 0.0000000000
12061  -27.093  -86.140  -15.855 0.0000000000
12062  -27.049  -84.950  -15.340 0.0000000000
12925  -6.880  -82.422  31.944 0.0000000000
12926  -7.502  -81.298  30.489 0.0000000000
12927  -6.000  -81.623  30.642 0.0000000000
12928  -5.539  -80.847  29.246 0.0000000000
12929  -4.854  -81.892  30.375 0.0000000000
12934  -7.827  -86.821  22.872 0.0000000000
12952  -20.930  -97.640  14.844 0.0000000000
12953  -19.723  -98.274  13.488 0.0000000000
12954  -21.239  -97.922  13.144 0.0000000000
12955  -21.140  -96.528  2.410 0.0000000000
12961  -23.224  -96.351  1.029 0.0000000000
13328  -15.371  -68.691  -3.579 0.0000000000
13337  -21.453  -80.107  -6.189 0.0000000000
13338  -19.768  -80.742  -7.130 0.0000000000
13339  -20.672  -79.342  -6.509 0.0000000000
13340  -18.127  -74.057  -9.779 0.0000000000
13341  -17.704  -75.884  -9.654 0.0000000000
13342  -16.803  -75.141  -9.375 0.0000000000
13343  -15.610  -76.197  -8.797 0.0000000000
13344  -16.152  -74.455  -9.380 0.0000000000
13345  -15.225  -73.671  -9.417 0.0000000000
13346  -16.882  -72.576  -10.031 0.0000000000
13348  -21.375  -62.062  -8.592 0.0000000000
13349  -22.527  -61.138  -7.597 0.0000000000
13350  -22.363  -61.545  -6.862 0.0000000000
13351  -23.578  -60.029  -6.753 0.0000000000
13576  -28.688  -90.950  -5.109 0.0000000000
13577  -29.198  -91.196  -5.989 0.0000000000
14454  -34.076  -89.350  -14.522 0.0000000000
14455  -32.550  -89.986  -15.177 0.0000000000
14456  -34.432  -88.766  -15.468 0.0000000000
15329  -8.502  -84.445  34.065 0.0000000000
15330  -10.876  -93.574  23.022 0.0000000000
15331  -9.794  -92.935  24.091 0.0000000000
15332  -10.286  -93.460  21.880 0.0000000000
15333  -11.400  -91.523  16.948 0.0000000000
15334  -10.561  -91.610  19.442 0.0000000000
15353  -24.978  -96.249  11.332 0.0000000000
15354  -25.787  -95.467  10.797 0.0000000000
15355  -24.909  -93.190  8.179 0.0000000000
15356  -24.078  -94.009  8.342 0.0000000000
15357  -23.174  -93.516  6.968 0.0000000000
15358  -21.758  -94.090  5.348 0.0000000000
15359  -22.644  -93.182  5.443 0.0000000000
15360  -22.519  -92.898  4.050 0.0000000000
15361  -23.455  -92.092  5.560 0.0000000000
15742  -21.525  -70.362  -7.278 0.0000000000
15743  -20.456  -71.429  -8.307 0.0000000000
15744  -21.371  -69.478  -8.884 0.0000000000
15745  -21.050  -68.809  -10.411 0.0000000000
15746  -22.131  -67.623  -9.304 0.0000000000
16254  -30.406  -91.645  -7.596 0.0000000000
16255  -29.452  -92.867  -7.903 0.0000000000
16256  -31.061  -91.907  -8.394 0.0000000000
16257  -33.828  -90.422  -9.856 0.0000000000
16258  -31.968  -91.814  -10.028 0.0000000000
16259  -32.197  -91.172  -10.606 0.0000000000
16261  -32.447  -90.397  -11.366 0.0000000000
16262  -32.934  -89.977  -12.419 0.0000000000
16263  -34.451  -89.036  -11.454 0.0000000000
17119  -9.624  -76.774  20.595 0.0000000000
17121  -8.513  -77.095  21.415 0.0000000000
17143  -13.038  -95.758  18.356 0.0000000000
17144  -14.206  -95.979  17.936 0.0000000000
17145  -14.501  -96.685  16.893 0.0000000000
17148  -17.683  -95.716  16.620 0.0000000000
17150  -19.668  -96.188  16.236 0.0000000000
17529  -23.016  -84.506  -11.155 0.0000000000
17530  -22.322  -84.714  -10.069 0.0000000000
17531  -23.016  -83.484  -10.883 0.0000000000
18897  -23.450  -87.942  -13.238 0.0000000000
18899  -22.617  -88.307  -11.984 0.0000000000
18901  -22.817  -87.186  -11.727 0.0000000000
18902  -23.039  -86.126  -11.298 0.0000000000
18903  -23.294  -85.801  -12.773 0.0000000000
21505  -5.685  -79.407  26.448 0.0000000000
21506  -7.082  -79.047  25.386 0.0000000000
21507  -6.017  -78.761  25.069 0.0000000000
21513  -7.950  -86.978  31.439 0.0000000000
21514  -8.370  -86.070  32.217 0.0000000000
21515  -7.256  -86.332  32.403 0.0000000000
21516  -6.719  -85.600  33.019 0.0000000000
21517  -6.294  -86.497  32.063 0.0000000000
21518  -8.016  -91.170  26.038 0.0000000000
21519  -7.793  -90.605  27.828 0.0000000000
21520  -7.133  -90.144  26.647 0.0000000000
21521  -6.336  -86.427  26.632 0.0000000000
21522  -6.153  -87.550  27.952 0.0000000000
21523  -5.674  -86.088  28.323 0.0000000000
21524  -5.131  -85.420  29.958 0.0000000000
21525  -4.928  -84.507  28.323 0.0000000000
21526  -4.313  -83.142  28.185 0.0000000000
21527  -4.854  -83.655  26.762 0.0000000000
21577  -15.086  -98.451  15.053 0.0000000000
21579  -15.305  -99.151  13.971 0.0000000000
21585  -22.201  -97.091  8.950 0.0000000000
21586  -21.370  -97.822  9.422 0.0000000000
21587  -20.952  -97.632  7.444 0.0000000000
21606  -27.071  -95.603  -1.649 0.0000000000
21607  -23.358  -92.453  1.741 0.0000000000
21608  -23.716  -93.690  0.776 0.0000000000
21609  -24.042  -92.226  0.815 0.0000000000
21610  -26.835  -90.631  -0.631 0.0000000000
21611  -26.218  -91.879  -0.570 0.0000000000
21612  -27.419  -91.718  -1.219 0.0000000000
21613  -28.040  -92.902  -1.875 0.0000000000
21614  -28.240  -91.639  -2.205 0.0000000000
21615  -28.231  -91.503  -3.193 0.0000000000
21616  -28.500  -90.456  -2.478 0.0000000000
22701  -15.879  -62.543  -5.099 0.0000000000
22703  -17.129  -61.879  -5.356 0.0000000000
22727  -20.258  -84.910  -9.061 0.0000000000
22728  -19.110  -85.871  -9.133 0.0000000000
22729  -19.102  -84.567  -9.110 0.0000000000
22730  -17.324  -82.272  -9.228 0.0000000000
22731  -17.113  -83.778  -9.763 0.0000000000
22732  -16.233  -83.345  -10.324 0.0000000000
22735  -20.433  -76.855  -6.907 0.0000000000
22736  -19.925  -78.350  -7.645 0.0000000000
22737  -19.467  -77.881  -8.197 0.0000000000
22738  -16.809  -78.635  -11.226 0.0000000000
22739  -17.422  -79.496  -10.946 0.0000000000
22756  -14.203  -70.250  -7.772 0.0000000000
22757  -19.532  -66.908  -11.368 0.0000000000
22758  -18.031  -68.283  -10.814 0.0000000000
22759  -18.416  -66.088  -10.828 0.0000000000
22760  -18.624  -64.972  -8.060 0.0000000000
22761  -17.733  -66.115  -8.480 0.0000000000
22762  -17.751  -66.461  -7.347 0.0000000000
22763  -16.881  -67.938  -6.451 0.0000000000
22764  -17.700  -66.713  -6.063 0.0000000000
22765  -17.282  -66.603  -5.053 0.0000000000
22766  -18.275  -65.377  -5.951 0.0000000000
22768  -19.932  -62.296  -5.111 0.0000000000
24174  -11.418  -94.392  19.123 0.0000000000
24175  -10.918  -93.512  19.736 0.0000000000
24176  -11.675  -93.533  17.635 0.0000000000
24177  -11.975  -92.521  15.958 0.0000000000
24728  -27.664  -94.807  -8.834 0.0000000000
24729  -34.469  -90.498  -8.093 0.0000000000
24730  -32.973  -91.149  -8.692 0.0000000000
24731  -34.970  -90.459  -8.760 0.0000000000
26309  -29.572  -88.461  -15.176 0.0000000000
26311  -28.040  -88.372  -14.518 0.0000000000
26312  -26.520  -88.503  -13.968 0.0000000000
26315  -24.855  -88.401  -13.881 0.0000000000
26316  -24.484  -87.690  -14.294 0.0000000000
26317  -24.085  -86.604  -14.333 0.0000000000
26318  -23.837  -85.502  -14.054 0.0000000000
26319  -25.125  -85.232  -14.930 0.0000000000
27877  -8.188  -79.748  28.018 0.0000000000
27878  -8.199  -79.461  26.760 0.0000000000
27879  -6.755  -80.059  28.073 0.0000000000
27880  -5.491  -80.049  27.830 0.0000000000
27881  -4.547  -80.252  27.258 0.0000000000
27886  -7.836  -88.396  30.526 0.0000000000
27887  -8.040  -89.243  23.570 0.0000000000
27888  -7.146  -89.205  25.476 0.0000000000
27889  -7.629  -88.114  24.260 0.0000000000
27890  -7.195  -86.710  24.908 0.0000000000
27891  -6.408  -85.223  25.299 0.0000000000
27892  -5.394  -84.010  25.415 0.0000000000
27922  -17.781  -98.210  15.091 0.0000000000
27923  -16.721  -98.905  13.844 0.0000000000
27924  -18.149  -98.562  13.684 0.0000000000
27925  -18.449  -98.553  12.030 0.0000000000
27926  -18.508  -98.354  10.321 0.0000000000
27927  -20.751  -96.239  5.482 0.0000000000
27939  -24.911  -95.862  -0.157 0.0000000000
27940  -24.418  -89.532  2.020 0.0000000000
27941  -24.490  -90.774  0.923 0.0000000000
27942  -25.112  -89.347  1.038 0.0000000000
27943  -26.319  -89.280  0.108 0.0000000000
28598  -15.754  -65.340  -4.448 0.0000000000
28613  -20.353  -82.533  -7.439 0.0000000000
28614  -18.967  -83.297  -8.328 0.0000000000
28615  -19.174  -81.957  -7.635 0.0000000000
28616  -18.483  -81.425  -8.185 0.0000000000
28617  -18.086  -81.021  -8.739 0.0000000000
28618  -19.383  -75.688  -8.229 0.0000000000
28619  -19.048  -77.378  -8.767 0.0000000000
28620  -18.663  -76.517  -9.497 0.0000000000
28621  -17.262  -77.369  -10.283 0.0000000000
28630  -15.116  -70.769  -9.610 0.0000000000
28631  -20.477  -62.644  -10.383 0.0000000000
28632  -19.010  -64.317  -10.270 0.0000000000
28633  -20.154  -63.039  -9.519 0.0000000000
28634  -19.987  -63.546  -8.546 0.0000000000
28635  -19.784  -63.992  -7.511 0.0000000000
28636  -19.521  -64.205  -6.406 0.0000000000
28637  -20.981  -62.976  -6.685 0.0000000000
28990  -28.356  -93.773  -4.663 0.0000000000
28991  -28.378  -94.049  -5.760 0.0000000000
28992  -28.716  -92.716  -5.829 0.0000000000
28993  -29.788  -91.410  -6.810 0.0000000000
28994  -31.579  -90.459  -7.355 0.0000000000
30221  -30.764  -91.002  -14.767 0.0000000000
30222  -30.990  -90.310  -15.400 0.0000000000
30223  -31.109  -89.481  -15.712 0.0000000000
30225  -32.803  -88.358  -16.245 0.0000000000
30226  -31.104  -88.532  -15.835 0.0000000000
30227  -30.819  -87.602  -16.089 0.0000000000
31444  -7.732  -83.085  32.843 0.0000000000
31445  -6.486  -83.498  32.859 0.0000000000
31448  -9.937  -92.029  26.063 0.0000000000
31449  -8.954  -92.064  25.226 0.0000000000
31450  -8.564  -91.520  24.069 0.0000000000
31451  -10.307  -92.686  20.735 0.0000000000
31452  -9.458  -91.605  21.922 0.0000000000
31453  -8.642  -90.464  22.803 0.0000000000
31454  -8.785  -89.232  21.410 0.0000000000
31477  -24.015  -96.466  13.749 0.0000000000
31478  -22.726  -97.357  12.679 0.0000000000
31479  -23.949  -96.841  12.011 0.0000000000
31480  -23.518  -96.593  10.247 0.0000000000
31481  -22.753  -96.055  8.661 0.0000000000
31482  -25.064  -94.697  9.554 0.0000000000
31483  -23.365  -95.013  8.475 0.0000000000
31484  -21.918  -95.532  7.130 0.0000000000
31485  -21.195  -95.213  5.394 0.0000000000
31486  -20.999  -95.211  3.669 0.0000000000
31487  -21.566  -95.324  2.282 0.0000000000
31488  -22.567  -95.295  1.494 0.0000000000
31489  -22.270  -94.069  2.398 0.0000000000
31490  -22.812  -92.653  2.843 0.0000000000
31491  -23.386  -91.229  3.053 0.0000000000
31492  -24.129  -90.884  5.681 0.0000000000
31493  -24.003  -90.360  4.480 0.0000000000
32016  -21.624  -77.875  -6.074 0.0000000000
32018  -21.509  -75.921  -5.789 0.0000000000
32019  -20.831  -75.301  -6.271 0.0000000000
32021  -21.423  -73.356  -5.965 0.0000000000
32022  -20.284  -74.448  -7.018 0.0000000000
32023  -19.766  -73.568  -8.007 0.0000000000
32024  -19.421  -72.737  -9.315 0.0000000000
32025  -18.969  -72.110  -10.466 0.0000000000
32026  -18.341  -71.279  -10.743 0.0000000000
32027  -19.702  -70.123  -11.061 0.0000000000
32028  -20.419  -67.873  -11.231 0.0000000000
32029  -20.836  -65.466  -11.351 0.0000000000
32031  -22.116  -64.255  -10.682 0.0000000000
32032  -21.142  -62.901  -10.997 0.0000000000
32685  -28.399  -94.051  -7.051 0.0000000000
32686  -28.603  -93.873  -8.259 0.0000000000
32687  -28.865  -93.774  -9.474 0.0000000000
32688  -31.564  -92.060  -9.225 0.0000000000
32689  -30.401  -92.833  -9.811 0.0000000000
32694  -31.605  -90.948  -13.207 0.0000000000
32695  -33.614  -89.702  -13.527 0.0000000000
33805  -11.842  -92.959  23.583 0.0000000000
33809  -11.685  -94.793  20.425 0.0000000000
33810  -12.086  -95.164  18.662 0.0000000000
33811  -12.805  -95.647  17.027 0.0000000000
33812  -13.141  -96.817  15.595 0.0000000000
33813  -13.228  -97.798  14.844 0.0000000000
33814  -13.791  -97.373  15.864 0.0000000000
33815  -14.816  -97.567  16.026 0.0000000000
33816  -15.962  -97.659  15.965 0.0000000000
33817  -16.413  -95.801  17.121 0.0000000000
33818  -16.815  -96.797  16.650 0.0000000000
33819  -17.327  -97.646  16.044 0.0000000000
33820  -18.794  -97.335  15.929 0.0000000000
33821  -20.408  -96.938  15.873 0.0000000000
33822  -22.036  -96.437  15.474 0.0000000000
33830  -22.709  -95.073  15.236 0.0000000000
33831  -23.508  -95.804  14.799 0.0000000000
33832  -24.698  -95.331  14.073 0.0000000000
34299  -21.476  -86.902  -8.528 0.0000000000
34300  -20.015  -86.797  -7.862 0.0000000000
34301  -21.432  -85.808  -8.901 0.0000000000
34302  -21.362  -84.818  -9.341 0.0000000000
34303  -21.376  -83.734  -8.907 0.0000000000
34304  -23.544  -82.433  -9.770 0.0000000000
34305  -22.664  -82.545  -8.800 0.0000000000
34306  -21.522  -82.672  -7.929 0.0000000000
35982  -22.470  -86.641  -9.763 0.0000000000
35983  -23.051  -85.315  -11.173 0.0000000000
35984  -23.495  -84.175  -12.297 0.0000000000
35985  -23.949  -84.461  -13.803 0.0000000000
35986  -24.353  -83.732  -13.396 0.0000000000
39120  -9.713  -78.644  23.062 0.0000000000
39121  -8.300  -79.177  25.497 0.0000000000
39122  -8.476  -78.839  24.236 0.0000000000
39123  -8.571  -78.252  22.742 0.0000000000
39124  -7.416  -77.531  22.553 0.0000000000
39130  -9.711  -85.716  31.985 0.0000000000
39132  -8.616  -85.253  33.950 0.0000000000
39133  -7.409  -84.953  33.707 0.0000000000
39134  -6.420  -84.559  33.188 0.0000000000
39135  -5.493  -84.000  32.271 0.0000000000
39136  -8.802  -90.573  28.568 0.0000000000
39137  -7.761  -89.734  29.401 0.0000000000
39138  -6.991  -88.584  30.144 0.0000000000
39139  -6.496  -88.895  27.382 0.0000000000
39140  -6.348  -88.327  29.179 0.0000000000
39141  -6.275  -87.407  30.809 0.0000000000
39142  -5.515  -86.145  31.301 0.0000000000
39143  -4.977  -84.779  31.401 0.0000000000
39144  -4.702  -83.264  31.076 0.0000000000
39145  -4.270  -82.445  29.454 0.0000000000
39146  -4.105  -81.718  27.798 0.0000000000
39147  -4.143  -80.953  26.330 0.0000000000
39148  -4.605  -82.922  25.256 0.0000000000
39149  -4.238  -81.626  25.063 0.0000000000
39150  -4.420  -80.100  24.731 0.0000000000
39208  -13.246  -98.732  14.020 0.0000000000
39217  -21.437  -97.883  11.352 0.0000000000
39218  -20.000  -98.084  9.864 0.0000000000
39242  -28.038  -96.422  -3.694 0.0000000000
39243  -28.461  -95.026  -3.560 0.0000000000
39244  -23.450  -95.029  0.802 0.0000000000
39245  -24.278  -94.821  0.159 0.0000000000
39246  -25.323  -94.617  -0.445 0.0000000000
39247  -24.996  -92.092  0.090 0.0000000000
39248  -25.701  -93.188  -0.548 0.0000000000
39249  -26.393  -94.477  -1.122 0.0000000000
39250  -27.676  -94.276  -1.687 0.0000000000
39251  -28.391  -93.895  -2.561 0.0000000000
39252  -28.366  -93.815  -3.690 0.0000000000
39253  -28.187  -92.616  -3.901 0.0000000000
39254  -28.235  -91.361  -4.187 0.0000000000
40585  -18.803  -86.743  -8.280 0.0000000000
40586  -17.705  -86.716  -9.131 0.0000000000
40588  -18.074  -84.130  -9.429 0.0000000000
40589  -17.128  -85.271  -10.338 0.0000000000
40594  -20.217  -78.748  -7.080 0.0000000000
40595  -18.934  -79.710  -8.272 0.0000000000
40596  -17.895  -80.470  -9.548 0.0000000000
40597  -18.477  -78.822  -9.633 0.0000000000
40598  -17.596  -79.979  -10.303 0.0000000000
40599  -16.752  -81.130  -10.865 0.0000000000
40620  -14.732  -70.735  -5.188 0.0000000000
40621  -17.683  -70.393  -10.320 0.0000000000
40622  -16.793  -69.542  -10.107 0.0000000000
40623  -15.898  -68.783  -9.374 0.0000000000
40624  -17.812  -65.867  -9.734 0.0000000000
40625  -16.761  -67.326  -9.000 0.0000000000
40626  -15.615  -68.629  -8.267 0.0000000000
40627  -15.700  -69.077  -7.140 0.0000000000
40628  -15.924  -69.430  -5.818 0.0000000000
40629  -15.882  -69.323  -4.517 0.0000000000
40630  -16.386  -67.823  -4.356 0.0000000000
40631  -16.532  -66.105  -4.501 0.0000000000
40632  -16.928  -64.228  -4.963 0.0000000000
40633  -19.091  -63.841  -5.474 0.0000000000
40634  -18.350  -63.302  -5.067 0.0000000000
40635  -17.731  -62.667  -5.141 0.0000000000
41590  -12.877  -95.994  15.053 0.0000000000
41591  -12.773  -95.128  14.938 0.0000000000
41896  -28.252  -95.514  -4.844 0.0000000000
41897  -28.056  -95.561  -5.524 0.0000000000
41898  -28.206  -95.016  -5.350 0.0000000000
42778  -28.154  -86.981  -15.950 0.0000000000
42779  -28.025  -86.548  -16.104 0.0000000000
42780  -27.203  -86.679  -15.850 0.0000000000
42781  -27.938  -86.040  -16.151 0.0000000000
42782  -27.885  -85.437  -15.901 0.0000000000
43645  -6.188  -82.546  31.857 0.0000000000
43646  -6.410  -82.014  31.286 0.0000000000
43647  -5.731  -82.165  31.227 0.0000000000
43648  -5.372  -81.769  30.538 0.0000000000
43649  -5.148  -82.351  31.076 0.0000000000
43672  -21.724  -97.403  14.664 0.0000000000
43673  -21.120  -97.878  14.071 0.0000000000
43674  -21.876  -97.606  13.828 0.0000000000
43675  -21.638  -96.566  1.975 0.0000000000
43676  -21.477  -97.140  2.126 0.0000000000
43677  -22.010  -97.177  1.746 0.0000000000
43681  -22.697  -96.444  1.305 0.0000000000
44048  -15.059  -69.508  -3.689 0.0000000000
44057  -21.849  -79.389  -5.943 0.0000000000
44058  -20.964  -79.731  -6.305 0.0000000000
44059  -21.479  -78.985  -6.062 0.0000000000
44060  -17.813  -73.710  -10.019 0.0000000000
44061  -17.434  -74.660  -9.658 0.0000000000
44062  -17.071  -74.328  -9.720 0.0000000000
44063  -16.442  -74.851  -9.314 0.0000000000
44064  -16.802  -73.926  -9.771 0.0000000000
44065  -16.495  -73.576  -9.749 0.0000000000
44066  -17.199  -72.954  -10.111 0.0000000000
44068  -22.473  -60.843  -7.958 0.0000000000
44069  -23.111  -60.313  -7.474 0.0000000000
44070  -23.045  -60.625  -7.130 0.0000000000
44071  -23.652  -59.821  -7.053 0.0000000000
44296  -29.228  -90.097  -5.282 0.0000000000
44297  -29.449  -90.249  -5.690 0.0000000000
45175  -34.293  -89.133  -14.994 0.0000000000
46049  -9.217  -84.722  34.288 0.0000000000
46050  -10.946  -93.927  22.039 0.0000000000
46051  -10.508  -93.605  22.482 0.0000000000
46052  -10.696  -93.824  21.454 0.0000000000
46054  -10.974  -91.075  17.492 0.0000000000
46075  -24.470  -92.937  7.542 0.0000000000
46076  -24.057  -93.345  7.611 0.0000000000
46077  -23.643  -93.123  6.917 0.0000000000
46078  -22.818  -93.307  6.226 0.0000000000
46079  -23.275  -92.889  6.203 0.0000000000
46080  -23.066  -92.664  5.502 0.0000000000
46081  -23.683  -92.390  6.210 0.0000000000
46462  -22.013  -69.417  -7.543 0.0000000000
46463  -21.343  -69.959  -8.081 0.0000000000
46464  -21.903  -68.957  -8.306 0.0000000000
46465  -21.798  -68.555  -9.098 0.0000000000
46974  -31.326  -91.219  -7.844 0.0000000000
46975  -30.765  -91.778  -8.007 0.0000000000
46976  -31.673  -91.384  -8.212 0.0000000000
46977  -33.933  -90.027  -10.108 0.0000000000
46978  -32.981  -90.785  -10.196 0.0000000000
46979  -33.082  -90.384  -10.502 0.0000000000
46980  -32.296  -90.775  -10.964 0.0000000000
46981  -33.198  -89.943  -10.867 0.0000000000
46982  -33.388  -89.684  -11.333 0.0000000000
46983  -34.260  -89.288  -10.909 0.0000000000
47837  -10.263  -77.748  21.140 0.0000000000
47838  -10.240  -77.212  20.676 0.0000000000
47839  -9.650  -77.355  21.025 0.0000000000
47840  -9.062  -76.931  20.985 0.0000000000
47841  -9.126  -77.505  21.461 0.0000000000
47865  -14.720  -95.941  17.736 0.0000000000
48249  -23.294  -83.925  -11.628 0.0000000000
48250  -23.010  -84.016  -11.072 0.0000000000
48251  -23.348  -83.313  -11.330 0.0000000000
49607  -29.485  -89.951  -15.133 0.0000000000
49617  -23.351  -87.390  -13.215 0.0000000000
49618  -22.992  -88.141  -12.662 0.0000000000
49619  -22.985  -87.596  -12.568 0.0000000000
49620  -22.688  -87.769  -11.862 0.0000000000
49621  -23.042  -87.006  -12.415 0.0000000000
49622  -23.106  -86.429  -12.241 0.0000000000
49623  -23.287  -86.296  -12.900 0.0000000000
52225  -5.221  -79.420  26.185 0.0000000000
52226  -5.833  -79.083  25.750 0.0000000000
52227  -5.366  -79.080  25.446 0.0000000000
52228  -5.506  -78.724  24.797 0.0000000000
52229  -5.012  -79.161  25.079 0.0000000000
52233  -7.459  -87.274  31.462 0.0000000000
52234  -7.574  -86.656  31.941 0.0000000000
52235  -7.098  -86.879  31.917 0.0000000000
52236  -6.762  -86.486  32.298 0.0000000000
52237  -6.654  -86.981  31.771 0.0000000000
52238  -7.844  -90.836  25.477 0.0000000000
52239  -7.584  -90.691  26.372 0.0000000000
52240  -7.449  -90.264  25.757 0.0000000000
52241  -6.016  -85.694  26.743 0.0000000000
52242  -5.979  -86.264  27.441 0.0000000000
52243  -5.669  -85.514  27.568 0.0000000000
52244  -5.340  -85.251  28.390 0.0000000000
52245  -5.288  -84.761  27.593 0.0000000000
52246  -4.894  -84.059  27.537 0.0000000000
52247  -5.230  -84.282  26.847 0.0000000000
52297  -15.750  -98.442  15.065 0.0000000000
52298  -15.195  -98.808  14.586 0.0000000000
52299  -15.865  -98.796  14.561 0.0000000000
52305  -21.942  -96.904  8.088 0.0000000000
52306  -21.602  -97.418  8.209 0.0000000000
52307  -21.296  -97.194  7.335 0.0000000000
52325  -26.711  -96.262  -1.633 0.0000000000
52326  -26.426  -95.690  -1.306 0.0000000000
52327  -23.541  -91.670  1.806 0.0000000000
52328  -23.670  -92.313  1.223 0.0000000000
52329  -23.854  -91.557  1.285 0.0000000000
52330  -27.378  -90.534  -1.019 0.0000000000
52331  -27.132  -91.158  -0.904 0.0000000000
52332  -27.664  -91.065  -1.336 0.0000000000
52333  -27.941  -91.684  -1.664 0.0000000000
52334  -28.089  -91.046  -1.852 0.0000000000
52335  -28.353  -91.036  -2.378 0.0000000000
52336  -28.272  -90.444  -1.974 0.0000000000
53419  -15.674  -63.900  -4.721 0.0000000000
53420  -15.487  -63.366  -4.746 0.0000000000
53421  -16.038  -63.066  -5.082 0.0000000000
53422  -16.495  -62.215  -5.280 0.0000000000
53423  -16.657  -62.727  -5.195 0.0000000000
53447  -20.205  -84.299  -8.765 0.0000000000
53448  -19.695  -84.801  -8.951 0.0000000000
53449  -19.575  -84.155  -8.683 0.0000000000
53450  -17.232  -82.005  -9.545 0.0000000000
53451  -16.791  -82.770  -9.740 0.0000000000
53452  -16.587  -82.445  -10.182 0.0000000000
53455  -20.087  -76.666  -7.174 0.0000000000
53456  -19.936  -77.387  -7.560 0.0000000000
53457  -19.668  -77.227  -7.761 0.0000000000
53458  -15.989  -78.978  -11.326 0.0000000000
53459  -16.515  -79.292  -11.707 0.0000000000
53476  -14.189  -70.112  -8.313 0.0000000000
53477  -19.681  -65.717  -11.383 0.0000000000
53478  -18.929  -66.512  -11.213 0.0000000000
53479  -19.155  -65.331  -11.091 0.0000000000
53480  -18.538  -65.119  -7.591 0.0000000000
53481  -18.134  -65.729  -7.724 0.0000000000
53482  -18.128  -65.878  -7.222 0.0000000000
53483  -17.738  -66.614  -6.730 0.0000000000
53484  -18.106  -66.062  -6.559 0.0000000000
53485  -18.072  -66.113  -6.064 0.0000000000
53486  -18.519  -65.417  -6.451 0.0000000000
55650  -11.740  -94.469  18.188 0.0000000000
55651  -11.522  -93.997  18.388 0.0000000000
55652  -11.877  -94.091  17.448 0.0000000000
55654  -12.183  -93.137  15.730 0.0000000000
56573  -27.553  -94.886  -8.141 0.0000000000
56575  -34.769  -90.558  -8.428 0.0000000000
59207  -29.435  -88.007  -15.310 0.0000000000
59208  -28.771  -88.445  -14.814 0.0000000000
59209  -28.664  -88.021  -15.066 0.0000000000
59210  -26.981  -87.815  -14.841 0.0000000000
59211  -27.179  -88.098  -14.509 0.0000000000
59212  -26.340  -88.172  -14.273 0.0000000000
59214  -25.686  -88.375  -13.909 0.0000000000
59215  -25.015  -88.624  -13.495 0.0000000000
59216  -25.515  -88.149  -14.271 0.0000000000
59217  -25.561  -86.967  -15.256 0.0000000000
59218  -25.070  -87.550  -14.719 0.0000000000
59219  -24.851  -87.093  -14.839 0.0000000000
59220  -24.274  -87.214  -14.356 0.0000000000
59221  -24.622  -86.522  -14.866 0.0000000000
59222  -24.455  -85.928  -14.786 0.0000000000
59223  -25.196  -85.874  -15.146 0.0000000000
61818  -7.164  -80.939  29.937 0.0000000000
61819  -7.958  -80.799  29.800 0.0000000000
61820  -7.700  -80.380  29.242 0.0000000000
61821  -8.255  -79.987  28.602 0.0000000000
61822  -7.544  -80.114  28.669 0.0000000000
61823  -7.470  -79.919  28.078 0.0000000000
61824  -6.807  -80.301  28.717 0.0000000000
61825  -5.008  -80.883  28.992 0.0000000000
61826  -5.493  -80.430  28.503 0.0000000000
61827  -4.943  -80.435  28.211 0.0000000000
61828  -4.956  -80.075  27.533 0.0000000000
61829  -4.543  -80.568  27.878 0.0000000000
61836  -8.311  -88.104  30.495 0.0000000000
61837  -8.268  -88.858  30.113 0.0000000000
61838  -8.184  -88.643  22.914 0.0000000000
61839  -7.809  -88.697  23.930 0.0000000000
61840  -7.978  -88.093  23.268 0.0000000000
61841  -7.552  -86.078  23.187 0.0000000000
61842  -7.565  -86.783  23.931 0.0000000000
61843  -7.253  -86.025  24.218 0.0000000000
61844  -6.854  -85.961  25.141 0.0000000000
61845  -6.778  -85.305  24.425 0.0000000000
61846  -6.245  -84.677  24.535 0.0000000000
61897  -18.535  -98.046  15.031 0.0000000000
61898  -17.957  -98.416  14.451 0.0000000000
61899  -18.743  -98.244  14.333 0.0000000000
61900  -19.875  -98.306  12.609 0.0000000000
61901  -19.107  -98.455  12.736 0.0000000000
61902  -19.218  -98.428  11.873 0.0000000000
61903  -18.503  -98.452  11.180 0.0000000000
61904  -19.256  -98.309  11.007 0.0000000000
61905  -20.495  -96.147  4.604 0.0000000000
61927  -24.790  -88.790  2.082 0.0000000000
61928  -24.719  -89.410  1.506 0.0000000000
61929  -25.090  -88.668  1.537 0.0000000000
61931  -26.080  -88.603  0.559 0.0000000000
63023  -15.654  -66.258  -4.177 0.0000000000
63047  -20.559  -81.969  -7.097 0.0000000000
63048  -19.696  -82.327  -7.436 0.0000000000
63049  -19.951  -81.685  -7.171 0.0000000000
63050  -19.475  -80.437  -7.261 0.0000000000
63051  -19.131  -81.032  -7.601 0.0000000000
63052  -18.827  -80.844  -7.836 0.0000000000
63053  -18.252  -81.233  -8.402 0.0000000000
63054  -18.667  -80.602  -8.116 0.0000000000
63055  -19.185  -75.219  -8.618 0.0000000000
63056  -18.994  -76.170  -8.808 0.0000000000
63057  -18.688  -75.795  -9.230 0.0000000000
63058  -17.004  -76.382  -9.623 0.0000000000
63059  -17.444  -76.645  -9.911 0.0000000000
63060  -16.772  -77.150  -9.924 0.0000000000
63061  -16.542  -77.879  -10.392 0.0000000000
63062  -16.129  -77.690  -9.857 0.0000000000
63064  -15.757  -77.461  -9.335 0.0000000000
63065  -15.210  -75.738  -8.713 0.0000000000
63072  -15.725  -72.701  -9.589 0.0000000000
63073  -14.704  -73.243  -9.468 0.0000000000
63074  -15.209  -72.188  -9.603 0.0000000000
63076  -15.587  -71.252  -9.718 0.0000000000
63077  -20.915  -62.034  -9.856 0.0000000000
63078  -20.220  -62.845  -9.946 0.0000000000
63079  -20.845  -62.320  -9.500 0.0000000000
63080  -21.321  -62.388  -8.200 0.0000000000
63081  -20.695  -62.827  -8.613 0.0000000000
63082  -20.615  -63.123  -8.159 0.0000000000
63083  -19.874  -63.827  -8.024 0.0000000000
63084  -20.523  -63.405  -7.646 0.0000000000
63085  -20.435  -63.523  -7.096 0.0000000000
63086  -21.148  -62.878  -7.204 0.0000000000
63766  -28.358  -93.095  -4.763 0.0000000000
63767  -28.487  -93.330  -5.204 0.0000000000
63768  -28.582  -92.588  -5.285 0.0000000000
63769  -29.966  -90.578  -6.433 0.0000000000
63770  -29.472  -91.320  -6.412 0.0000000000
63771  -30.274  -90.743  -6.783 0.0000000000
63772  -30.611  -90.888  -7.135 0.0000000000
63773  -31.176  -90.256  -7.059 0.0000000000
66399  -31.213  -91.063  -14.071 0.0000000000
66400  -30.578  -91.354  -14.362 0.0000000000
66401  -31.449  -90.763  -14.526 0.0000000000
66402  -32.662  -89.637  -15.556 0.0000000000
66403  -31.770  -90.222  -15.338 0.0000000000
66404  -31.838  -89.851  -15.646 0.0000000000
66405  -31.055  -89.915  -15.606 0.0000000000
66406  -31.845  -89.487  -15.873 0.0000000000
66413  -31.964  -88.441  -16.104 0.0000000000
66414  -31.870  -88.020  -16.193 0.0000000000
66415  -31.003  -88.072  -15.955 0.0000000000
66416  -31.726  -87.551  -16.301 0.0000000000
69025  -7.961  -83.809  33.582 0.0000000000
69026  -8.189  -83.404  33.262 0.0000000000
69027  -7.495  -83.545  33.234 0.0000000000
69028  -7.053  -83.265  32.898 0.0000000000
69029  -6.882  -83.746  33.207 0.0000000000
69031  -10.514  -91.850  26.286 0.0000000000
69032  -10.373  -92.339  25.392 0.0000000000
69033  -9.528  -92.800  23.591 0.0000000000
69034  -9.375  -92.487  24.696 0.0000000000
69035  -9.105  -92.320  24.184 0.0000000000
69036  -8.702  -91.867  24.636 0.0000000000
69037  -8.969  -92.024  23.600 0.0000000000
69038  -11.072  -93.009  19.029 0.0000000000
69039  -10.662  -93.086  20.157 0.0000000000
69040  -10.800  -92.580  19.522 0.0000000000
69041  -10.113  -91.113  20.056 0.0000000000
69042  -10.007  -91.652  20.718 0.0000000000
69043  -9.567  -91.075  21.306 0.0000000000
69044  -9.047  -91.032  22.407 0.0000000000
69045  -9.097  -90.473  21.731 0.0000000000
69046  -8.719  -89.859  22.082 0.0000000000
69047  -9.143  -89.871  21.009 0.0000000000
69097  -24.604  -96.258  13.323 0.0000000000
69098  -24.035  -96.703  12.891 0.0000000000
69099  -24.607  -96.500  12.505 0.0000000000
69100  -24.648  -95.971  10.528 0.0000000000
69101  -24.226  -96.394  10.810 0.0000000000
69102  -23.863  -96.140  9.984 0.0000000000
69103  -23.119  -96.338  9.419 0.0000000000
69104  -23.461  -95.825  9.273 0.0000000000
69107  -25.471  -94.322  9.409 0.0000000000
69108  -23.201  -94.225  7.681 0.0000000000
69109  -23.704  -94.506  8.417 0.0000000000
69110  -22.873  -94.722  7.749 0.0000000000
69111  -22.594  -95.245  7.798 0.0000000000
69112  -22.172  -95.013  7.007 0.0000000000
69113  -21.511  -95.357  6.271 0.0000000000
69114  -21.794  -94.825  6.178 0.0000000000
69115  -21.705  -94.105  4.497 0.0000000000
69116  -21.284  -94.606  4.428 0.0000000000
69117  -21.333  -94.663  3.629 0.0000000000
69118  -21.110  -95.306  2.900 0.0000000000
69119  -21.504  -94.715  2.867 0.0000000000
69120  -21.894  -94.720  2.307 0.0000000000
69121  -21.918  -94.127  2.991 0.0000000000
69122  -22.899  -92.253  4.173 0.0000000000
69123  -22.660  -92.778  3.399 0.0000000000
69124  -22.947  -92.096  3.589 0.0000000000
69125  -23.086  -91.918  3.005 0.0000000000
69126  -23.263  -91.430  3.699 0.0000000000
70252  -21.762  -75.047  -5.498 0.0000000000
70253  -21.170  -75.573  -6.012 0.0000000000
70254  -21.406  -74.704  -5.770 0.0000000000
70258  -21.446  -71.829  -6.454 0.0000000000
70259  -21.737  -72.372  -5.930 0.0000000000
70260  -21.104  -72.840  -6.406 0.0000000000
70261  -20.809  -73.868  -6.477 0.0000000000
70262  -20.472  -73.370  -6.869 0.0000000000
70263  -20.009  -73.981  -7.427 0.0000000000
70264  -20.285  -72.896  -7.406 0.0000000000
70265  -20.351  -71.018  -9.103 0.0000000000
70266  -19.990  -72.029  -8.826 0.0000000000
70267  -19.862  -71.642  -9.574 0.0000000000
70268  -19.208  -72.395  -9.963 0.0000000000
70269  -19.613  -71.462  -10.297 0.0000000000
70270  -19.437  -71.134  -10.828 0.0000000000
70271  -20.057  -70.465  -10.624 0.0000000000
70272  -21.396  -67.727  -10.546 0.0000000000
70273  -20.824  -68.329  -10.936 0.0000000000
70274  -21.105  -67.243  -11.039 0.0000000000
70275  -20.641  -66.670  -11.323 0.0000000000
70276  -21.297  -66.060  -11.105 0.0000000000
70282  -22.370  -62.988  -10.577 0.0000000000
70283  -21.699  -63.450  -10.913 0.0000000000
70284  -21.901  -62.215  -10.740 0.0000000000
71799  -28.605  -93.492  -6.384 0.0000000000
71800  -28.367  -94.079  -6.413 0.0000000000
71801  -28.705  -93.520  -6.978 0.0000000000
71802  -29.657  -92.851  -8.396 0.0000000000
71803  -29.033  -93.387  -8.051 0.0000000000
71804  -29.197  -93.347  -8.576 0.0000000000
71805  -28.731  -93.818  -8.870 0.0000000000
71806  -29.402  -93.306  -9.136 0.0000000000
71807  -33.242  -91.162  -9.064 0.0000000000
71808  -32.252  -91.580  -8.961 0.0000000000
71809  -32.485  -91.552  -9.353 0.0000000000
71810  -31.311  -92.212  -10.392 0.0000000000
71811  -31.157  -92.399  -10.000 0.0000000000
71823  -31.291  -91.284  -12.730 0.0000000000
71824  -34.018  -89.316  -12.504 0.0000000000
71825  -33.274  -89.810  -13.008 0.0000000000
71826  -34.369  -89.156  -13.120 0.0000000000
71827  -34.617  -89.047  -13.658 0.0000000000
71828  -35.371  -88.562  -13.170 0.0000000000
74466  -12.161  -94.695  20.905 0.0000000000
74467  -12.152  -95.043  20.145 0.0000000000
74468  -11.796  -94.994  19.533 0.0000000000
74469  -12.234  -95.294  19.384 0.0000000000
74470  -13.308  -96.067  17.579 0.0000000000
74471  -12.841  -95.756  17.697 0.0000000000
74472  -13.135  -96.215  16.884 0.0000000000
74473  -13.030  -96.197  16.230 0.0000000000
74474  -13.334  -96.687  16.225 0.0000000000
74475  -13.414  -97.148  15.745 0.0000000000
74476  -13.692  -96.912  16.332 0.0000000000
74477  -15.041  -96.710  16.792 0.0000000000
74478  -14.667  -97.110  16.421 0.0000000000
74479  -15.216  -97.152  16.376 0.0000000000
74480  -15.363  -97.629  15.965 0.0000000000
74481  -15.781  -97.209  16.341 0.0000000000
74484  -16.789  -95.219  17.067 0.0000000000
74485  -17.968  -96.158  16.535 0.0000000000
74486  -17.273  -96.273  16.719 0.0000000000
74487  -17.557  -96.731  16.553 0.0000000000
74488  -17.107  -97.223  16.417 0.0000000000
74489  -17.831  -97.132  16.356 0.0000000000
74490  -18.064  -97.506  15.991 0.0000000000
74491  -18.540  -96.993  16.255 0.0000000000
74492  -20.440  -95.948  16.038 0.0000000000
74493  -20.031  -96.562  16.067 0.0000000000
74494  -20.830  -96.330  15.921 0.0000000000
74495  -21.232  -96.723  15.726 0.0000000000
74496  -21.625  -96.085  15.698 0.0000000000
74517  -23.333  -94.769  14.916 0.0000000000
74518  -23.134  -95.421  15.090 0.0000000000
74519  -23.794  -95.136  14.795 0.0000000000
74520  -24.138  -95.554  14.421 0.0000000000
75624  -22.106  -86.297  -9.120 0.0000000000
75625  -21.461  -86.333  -8.612 0.0000000000
75626  -22.033  -85.735  -9.288 0.0000000000
75627  -22.275  -84.159  -10.124 0.0000000000
75628  -21.877  -84.740  -9.706 0.0000000000
75629  -21.881  -84.237  -9.670 0.0000000000
75630  -21.404  -84.323  -9.221 0.0000000000
75631  -21.938  -83.557  -9.274 0.0000000000
75638  -22.144  -82.604  -8.284 0.0000000000
75640  -21.743  -82.219  -7.444 0.0000000000
79727  -23.849  -89.125  -12.723 0.0000000000
79729  -23.301  -89.444  -12.240 0.0000000000
79737  -22.072  -88.110  -10.209 0.0000000000
79739  -21.640  -88.290  -9.448 0.0000000000
79741  -21.809  -87.790  -9.284 0.0000000000
79742  -21.924  -87.314  -9.135 0.0000000000
79743  -22.381  -87.117  -9.875 0.0000000000
79744  -23.230  -85.487  -11.966 0.0000000000
79745  -23.056  -85.706  -11.197 0.0000000000
79746  -23.234  -85.083  -11.915 0.0000000000
79747  -23.238  -84.701  -11.819 0.0000000000
79748  -23.413  -84.572  -12.460 0.0000000000
79749  -24.483  -84.717  -14.336 0.0000000000
79750  -23.840  -84.921  -13.920 0.0000000000
79751  -24.625  -84.230  -14.132 0.0000000000
87553  -10.330  -78.697  23.176 0.0000000000
87554  -9.633  -78.804  23.782 0.0000000000
87555  -7.487  -79.573  26.741 0.0000000000
87556  -8.240  -79.332  26.115 0.0000000000
87557  -7.525  -79.378  26.068 0.0000000000
87558  -7.267  -78.770  24.726 0.0000000000
87559  -7.787  -78.943  24.832 0.0000000000
87560  -7.929  -78.674  24.128 0.0000000000
87561  -8.535  -78.597  23.512 0.0000000000
87562  -8.006  -78.335  23.403 0.0000000000
87563  -8.024  -77.911  22.638 0.0000000000
87564  -7.449  -78.042  23.240 0.0000000000
87578  -9.575  -86.036  30.665 0.0000000000
87580  -9.260  -85.934  31.376 0.0000000000
87581  -8.099  -85.914  32.779 0.0000000000
87583  -8.441  -85.710  33.272 0.0000000000
87584  -8.857  -85.497  33.649 0.0000000000
87585  -8.176  -85.429  33.612 0.0000000000
87586  -8.000  -85.103  33.826 0.0000000000
87587  -7.577  -85.384  33.526 0.0000000000
87588  -6.204  -85.457  32.735 0.0000000000
87589  -6.502  -85.074  33.187 0.0000000000
87590  -6.042  -84.916  32.811 0.0000000000
87591  -5.953  -84.350  32.778 0.0000000000
87592  -5.579  -84.677  32.406 0.0000000000
87593  -9.359  -91.345  27.503 0.0000000000
87595  -8.836  -91.062  27.884 0.0000000000
87596  -7.335  -90.116  28.224 0.0000000000
87597  -7.758  -90.221  28.654 0.0000000000
87598  -7.316  -89.683  29.061 0.0000000000
87599  -7.351  -89.166  29.837 0.0000000000
87600  -6.920  -89.096  29.406 0.0000000000
87601  -6.920  -88.589  25.829 0.0000000000
87602  -6.769  -89.089  26.445 0.0000000000
87603  -6.553  -88.435  26.772 0.0000000000
87604  -5.992  -87.274  28.846 0.0000000000
87605  -6.185  -88.009  28.596 0.0000000000
87606  -6.123  -87.648  29.463 0.0000000000
87607  -6.346  -87.901  30.027 0.0000000000
87608  -6.030  -87.232  30.296 0.0000000000
87609  -5.883  -86.805  31.072 0.0000000000
87610  -5.647  -86.546  30.520 0.0000000000
87611  -4.777  -84.703  29.993 0.0000000000
87612  -4.986  -85.122  30.741 0.0000000000
87613  -4.693  -84.412  30.703 0.0000000000
87614  -4.774  -84.011  31.295 0.0000000000
87615  -4.485  -83.653  30.520 0.0000000000
87616  -4.445  -82.849  30.318 0.0000000000
87617  -4.323  -83.228  29.676 0.0000000000
87618  -4.262  -82.784  27.373 0.0000000000
87619  -4.137  -82.459  28.016 0.0000000000
87620  -4.083  -82.065  27.196 0.0000000000
87621  -4.103  -81.310  27.037 0.0000000000
87622  -4.103  -81.658  26.425 0.0000000000
87623  -5.122  -83.569  24.662 0.0000000000
87624  -4.959  -83.470  25.283 0.0000000000
87631  -4.492  -79.708  24.022 0.0000000000
87772  -13.528  -98.059  14.995 0.0000000000
87773  -13.236  -98.288  14.463 0.0000000000
87774  -13.569  -98.509  14.603 0.0000000000
87780  -16.938  -98.963  13.109 0.0000000000
87781  -16.197  -99.205  13.184 0.0000000000
87795  -22.708  -97.410  11.766 0.0000000000
87796  -22.069  -97.675  12.008 0.0000000000
87797  -22.104  -97.646  11.141 0.0000000000
87798  -20.661  -97.918  8.681 0.0000000000
87799  -20.698  -97.966  9.621 0.0000000000
87800  -20.025  -98.001  8.897 0.0000000000
87801  -19.253  -98.121  9.165 0.0000000000
87802  -19.213  -98.092  8.180 0.0000000000
87857  -27.827  -96.014  -2.503 0.0000000000
87859  -28.151  -95.845  -3.035 0.0000000000
87860  -28.318  -95.738  -3.595 0.0000000000
87861  -28.393  -95.108  -2.967 0.0000000000
87862  -22.801  -94.515  1.462 0.0000000000
87863  -23.023  -95.129  1.147 0.0000000000
87864  -23.197  -94.446  1.120 0.0000000000
87865  -24.114  -93.592  0.405 0.0000000000
87866  -23.968  -94.258  0.429 0.0000000000
87867  -24.424  -94.150  0.091 0.0000000000
87868  -24.763  -94.720  -0.126 0.0000000000
87869  -24.965  -94.043  -0.203 0.0000000000
87870  -24.946  -90.746  0.502 0.0000000000
87871  -24.656  -91.470  0.477 0.0000000000
87872  -25.239  -91.392  0.087 0.0000000000
87873  -26.579  -92.455  -0.843 0.0000000000
87874  -25.946  -92.526  -0.566 0.0000000000
87875  -26.316  -93.117  -0.843 0.0000000000
87876  -26.055  -93.801  -0.849 0.0000000000
87877  -26.631  -93.778  -1.148 0.0000000000
87878  -27.007  -94.394  -1.414 0.0000000000
87879  -27.251  -93.724  -1.448 0.0000000000
87880  -28.317  -92.776  -2.377 0.0000000000
87881  -28.247  -93.414  -2.188 0.0000000000
87882  -28.404  -93.289  -2.705 0.0000000000
87883  -28.432  -93.818  -3.153 0.0000000000
87884  -28.333  -93.223  -3.278 0.0000000000
87885  -28.253  -93.219  -3.791 0.0000000000
87886  -28.229  -92.622  -3.409 0.0000000000
87887  -28.291  -90.873  -3.328 0.0000000000
87888  -28.166  -91.408  -3.702 0.0000000000
87889  -28.340  -90.728  -3.832 0.0000000000
87890  -28.454  -90.622  -4.297 0.0000000000
87891  -28.647  -90.077  -3.974 0.0000000000
91137  -15.224  -62.136  -4.775 0.0000000000
91217  -20.073  -86.313  -8.277 0.0000000000
91218  -19.344  -86.758  -8.011 0.0000000000
91219  -19.474  -86.313  -8.451 0.0000000000
91220  -18.579  -85.711  -9.442 0.0000000000
91221  -18.459  -86.280  -9.170 0.0000000000
91222  -17.882  -86.110  -9.530 0.0000000000
91225  -18.445  -83.007  -8.475 0.0000000000
91226  -18.436  -83.762  -8.915 0.0000000000
91227  -17.963  -83.437  -8.999 0.0000000000
91229  -17.153  -84.542  -10.136 0.0000000000
91240  -21.327  -77.559  -6.284 0.0000000000
91241  -20.907  -78.300  -6.574 0.0000000000
91242  -20.645  -77.983  -6.743 0.0000000000
91243  -19.358  -78.837  -8.297 0.0000000000
91244  -19.445  -79.027  -7.970 0.0000000000
91245  -18.864  -79.518  -8.624 0.0000000000
91246  -18.379  -80.150  -8.888 0.0000000000
91247  -18.315  -79.884  -9.265 0.0000000000
91248  -18.651  -77.729  -9.502 0.0000000000
91249  -18.828  -78.144  -9.221 0.0000000000
91250  -18.380  -78.520  -9.912 0.0000000000
91251  -16.953  -80.097  -11.348 0.0000000000
91252  -17.501  -79.794  -10.684 0.0000000000
91253  -16.986  -80.368  -11.029 0.0000000000
91254  -17.151  -80.571  -10.619 0.0000000000
91255  -16.553  -80.921  -11.326 0.0000000000
91256  -16.150  -81.454  -11.521 0.0000000000
91257  -15.914  -81.286  -11.942 0.0000000000
91304  -13.735  -71.147  -6.274 0.0000000000
91305  -13.921  -71.203  -5.565 0.0000000000
91306  -14.639  -70.720  -5.915 0.0000000000
91307  -18.713  -70.243  -10.874 0.0000000000
91308  -18.005  -70.875  -10.551 0.0000000000
91309  -18.248  -69.806  -10.744 0.0000000000
91310  -17.562  -67.883  -10.522 0.0000000000
91311  -17.386  -68.919  -10.439 0.0000000000
91312  -16.975  -68.518  -10.177 0.0000000000
91313  -16.267  -69.075  -9.785 0.0000000000
91314  -16.557  -68.203  -9.754 0.0000000000
91315  -18.866  -64.320  -9.734 0.0000000000
91316  -18.346  -65.077  -10.016 0.0000000000
91317  -18.240  -65.150  -9.468 0.0000000000
91318  -17.280  -66.848  -8.162 0.0000000000
91319  -17.240  -66.720  -8.763 0.0000000000
91320  -16.720  -67.391  -8.385 0.0000000000
91321  -16.196  -67.968  -8.579 0.0000000000
91322  -16.195  -68.052  -7.993 0.0000000000
91323  -15.726  -68.820  -7.643 0.0000000000
91324  -16.265  -68.303  -7.363 0.0000000000
91325  -16.847  -68.146  -5.912 0.0000000000
91326  -16.349  -68.714  -6.159 0.0000000000
91327  -16.384  -68.802  -5.516 0.0000000000
91328  -15.962  -69.502  -5.124 0.0000000000
91329  -16.355  -68.753  -4.882 0.0000000000
91330  -16.181  -68.559  -4.376 0.0000000000
91331  -16.635  -68.027  -4.762 0.0000000000
91332  -17.443  -65.717  -5.111 0.0000000000
91333  -16.957  -66.395  -4.648 0.0000000000
91334  -17.071  -65.474  -4.831 0.0000000000
91335  -16.691  -65.149  -4.714 0.0000000000
91336  -17.304  -64.541  -4.951 0.0000000000
91337  -20.066  -63.531  -6.039 0.0000000000
91338  -19.350  -64.122  -5.890 0.0000000000
91339  -19.824  -63.372  -5.630 0.0000000000
91340  -19.594  -61.945  -5.003 0.0000000000
91341  -19.133  -62.819  -5.076 0.0000000000
91342  -18.790  -62.466  -5.051 0.0000000000
91343  -18.060  -62.944  -5.072 0.0000000000
93294  -12.556  -94.839  16.362 0.0000000000
93295  -12.253  -94.243  16.500 0.0000000000
93296  -12.570  -94.575  15.630 0.0000000000
93297  -12.555  -94.296  14.769 0.0000000000
93844  -27.836  -96.509  -5.289 0.0000000000
93846  -27.854  -96.094  -5.742 0.0000000000
93847  -27.722  -95.549  -6.187 0.0000000000
93848  -27.727  -95.054  -6.719 0.0000000000
95429  -29.034  -87.243  -15.901 0.0000000000
95430  -28.490  -87.622  -15.397 0.0000000000
95431  -28.308  -87.326  -15.709 0.0000000000
95432  -27.535  -87.432  -15.416 0.0000000000
95433  -26.769  -87.545  -15.168 0.0000000000
95434  -26.036  -87.709  -14.900 0.0000000000
95435  -26.575  -87.266  -15.465 0.0000000000
95436  -26.390  -86.838  -15.606 0.0000000000
95437  -26.218  -86.302  -15.609 0.0000000000
95438  -26.078  -85.699  -15.482 0.0000000000
95439  -26.989  -85.538  -15.695 0.0000000000
95440  -27.920  -84.868  -15.513 0.0000000000
96993  -7.583  -82.246  31.776 0.0000000000
96994  -7.895  -81.708  31.078 0.0000000000
96995  -7.104  -81.869  31.212 0.0000000000
96996  -6.734  -81.490  30.631 0.0000000000
96997  -6.403  -81.116  30.000 0.0000000000
96998  -6.200  -80.762  29.350 0.0000000000
96999  -5.723  -81.235  29.947 0.0000000000
97000  -5.117  -81.353  29.800 0.0000000000
97001  -4.673  -81.435  29.513 0.0000000000
97008  -8.030  -87.467  22.551 0.0000000000
97042  -20.160  -97.773  14.907 0.0000000000
97043  -19.554  -98.108  14.262 0.0000000000
97044  -20.357  -97.992  14.184 0.0000000000
97045  -20.492  -98.117  13.375 0.0000000000
97046  -20.637  -98.132  12.454 0.0000000000
97059  -23.738  -96.274  0.744 0.0000000000
97718  -15.544  -67.915  -3.668 0.0000000000
97733  -21.118  -80.735  -6.562 0.0000000000
97734  -20.246  -81.073  -6.910 0.0000000000
97735  -20.540  -80.449  -6.600 0.0000000000
97736  -20.157  -80.079  -6.797 0.0000000000
97737  -19.899  -79.782  -6.983 0.0000000000
97738  -18.538  -74.439  -9.494 0.0000000000
97739  -18.327  -75.344  -9.454 0.0000000000
97740  -17.860  -75.001  -9.588 0.0000000000
97741  -17.193  -75.516  -9.494 0.0000000000
97742  -16.560  -76.095  -9.362 0.0000000000
97743  -15.964  -76.607  -9.131 0.0000000000
97744  -16.223  -75.670  -9.091 0.0000000000
97745  -15.864  -75.329  -8.985 0.0000000000
97746  -15.413  -74.835  -9.044 0.0000000000
97748  -15.754  -74.061  -9.404 0.0000000000
97749  -16.091  -73.173  -9.668 0.0000000000
97750  -16.555  -72.148  -9.854 0.0000000000
97752  -21.399  -61.764  -8.956 0.0000000000
97753  -21.952  -61.310  -8.454 0.0000000000
97754  -21.965  -61.634  -8.140 0.0000000000
97755  -21.864  -61.929  -7.736 0.0000000000
97756  -21.799  -62.153  -7.271 0.0000000000
97757  -22.424  -61.389  -7.241 0.0000000000
97758  -22.989  -60.737  -6.837 0.0000000000
98164  -28.474  -91.713  -4.969 0.0000000000
98165  -28.707  -91.838  -5.397 0.0000000000
98166  -28.928  -91.081  -5.551 0.0000000000
98167  -29.660  -90.411  -6.089 0.0000000000
99744  -33.121  -89.933  -14.407 0.0000000000
99745  -32.415  -90.222  -14.717 0.0000000000
99746  -33.361  -89.717  -14.870 0.0000000000
99747  -33.531  -89.429  -15.288 0.0000000000
99748  -33.638  -89.046  -15.661 0.0000000000
101321  -7.912  -84.241  33.815 0.0000000000
101322  -10.872  -93.129  23.944 0.0000000000
101323  -10.310  -92.850  24.519 0.0000000000
101324  -10.369  -93.294  23.501 0.0000000000
101325  -10.014  -93.236  22.989 0.0000000000
101326  -9.826  -93.026  22.424 0.0000000000
101327  -11.363  -91.974  17.684 0.0000000000
101328  -10.940  -92.049  18.836 0.0000000000
101329  -11.018  -91.539  18.200 0.0000000000
101330  -10.607  -91.099  18.779 0.0000000000
101331  -10.117  -90.599  19.366 0.0000000000
101332  -9.624  -89.971  19.835 0.0000000000
101362  -25.669  -95.825  12.626 0.0000000000
101363  -25.140  -96.237  12.152 0.0000000000
101364  -25.610  -95.960  11.844 0.0000000000
101365  -25.379  -95.853  11.029 0.0000000000
101366  -25.052  -95.546  10.291 0.0000000000
101368  -24.989  -93.933  8.854 0.0000000000
101369  -24.539  -93.598  8.245 0.0000000000
101370  -23.610  -93.770  7.656 0.0000000000
101371  -22.784  -93.965  6.954 0.0000000000
101372  -22.066  -94.244  6.176 0.0000000000
101373  -22.416  -93.753  6.207 0.0000000000
101374  -22.198  -93.623  5.405 0.0000000000
101375  -22.129  -93.583  4.619 0.0000000000
101376  -22.111  -93.534  3.948 0.0000000000
101377  -22.535  -93.050  4.740 0.0000000000
101378  -22.946  -92.424  4.843 0.0000000000
101379  -23.280  -91.765  4.964 0.0000000000
102062  -21.123  -71.301  -7.067 0.0000000000
102063  -20.587  -71.786  -7.545 0.0000000000
102064  -20.931  -70.838  -7.787 0.0000000000
102065  -20.824  -70.439  -8.590 0.0000000000
102066  -20.811  -70.057  -9.441 0.0000000000
102067  -20.702  -69.784  -10.209 0.0000000000
102068  -21.253  -69.139  -9.681 0.0000000000
102069  -21.633  -68.176  -9.874 0.0000000000
102070  -21.897  -67.161  -10.081 0.0000000000
102984  -29.609  -92.230  -7.298 0.0000000000
102985  -29.249  -92.884  -7.412 0.0000000000
102986  -29.863  -92.300  -7.728 0.0000000000
102987  -30.161  -92.368  -8.186 0.0000000000
102988  -30.456  -92.430  -8.582 0.0000000000
102989  -33.660  -90.779  -9.625 0.0000000000
102990  -32.679  -91.434  -9.697 0.0000000000
102991  -32.854  -91.152  -9.935 0.0000000000
102992  -32.125  -91.551  -10.306 0.0000000000
102993  -31.399  -91.974  -10.743 0.0000000000
102995  -31.460  -91.663  -11.063 0.0000000000
102996  -31.582  -91.284  -11.412 0.0000000000
102997  -31.741  -90.961  -11.820 0.0000000000
102998  -31.917  -90.729  -12.296 0.0000000000
102999  -32.637  -90.171  -11.821 0.0000000000
103000  -33.656  -89.484  -11.876 0.0000000000
103001  -34.790  -88.804  -12.021 0.0000000000
104545  -9.033  -76.323  20.568 0.0000000000
104546  -8.444  -76.491  20.954 0.0000000000
104547  -7.890  -76.688  21.411 0.0000000000
104585  -12.795  -95.530  19.182 0.0000000000
104587  -13.643  -95.916  18.192 0.0000000000
104588  -13.870  -96.288  17.455 0.0000000000
104589  -14.013  -96.604  16.914 0.0000000000
104590  -14.330  -96.311  17.365 0.0000000000
104591  -14.860  -96.326  17.255 0.0000000000
104592  -15.415  -96.344  17.165 0.0000000000
104594  -17.408  -95.190  16.743 0.0000000000
104597  -18.653  -95.983  16.361 0.0000000000
104598  -18.941  -96.399  16.345 0.0000000000
104599  -19.331  -95.797  16.229 0.0000000000
104600  -20.061  -95.585  16.029 0.0000000000
104601  -20.802  -95.357  15.817 0.0000000000
105279  -22.787  -85.036  -10.570 0.0000000000
105280  -22.435  -85.120  -9.988 0.0000000000
105281  -22.753  -84.586  -10.587 0.0000000000
105282  -22.662  -84.127  -10.558 0.0000000000
105283  -22.671  -83.553  -10.367 0.0000000000
107741  -23.566  -88.486  -13.161 0.0000000000
107742  -23.266  -89.022  -12.389 0.0000000000
107743  -23.153  -88.607  -12.543 0.0000000000
107744  -22.637  -88.832  -11.947 0.0000000000
107745  -22.168  -88.965  -11.247 0.0000000000
107747  -22.251  -88.441  -11.198 0.0000000000
107748  -22.434  -87.932  -11.060 0.0000000000
107749  -22.608  -87.379  -10.878 0.0000000000
107750  -22.708  -86.859  -10.656 0.0000000000
107751  -22.974  -86.617  -11.515 0.0000000000
107752  -23.181  -85.937  -12.087 0.0000000000
107753  -23.320  -85.331  -12.668 0.0000000000
112437  -6.146  -79.431  26.584 0.0000000000
112438  -6.839  -79.279  25.957 0.0000000000
112439  -6.365  -79.188  25.930 0.0000000000
112440  -6.564  -78.885  25.294 0.0000000000
112441  -6.717  -78.564  24.592 0.0000000000
112442  -6.810  -78.190  23.834 0.0000000000
112443  -6.133  -78.374  24.384 0.0000000000
112451  -8.475  -86.721  31.220 0.0000000000
112452  -8.654  -86.223  31.602 0.0000000000
112453  -8.085  -86.463  31.807 0.0000000000
112454  -7.805  -86.209  32.340 0.0000000000
112455  -7.507  -85.979  32.830 0.0000000000
112456  -7.248  -85.686  33.158 0.0000000000
112457  -6.971  -85.985  32.787 0.0000000000
112458  -6.451  -85.990  32.569 0.0000000000
112459  -5.979  -85.925  32.267 0.0000000000
112460  -8.402  -91.392  26.623 0.0000000000
112461  -8.334  -91.069  27.466 0.0000000000
112462  -7.922  -90.917  26.967 0.0000000000
112463  -7.424  -90.419  27.294 0.0000000000
112464  -6.962  -89.894  27.657 0.0000000000
112465  -6.569  -87.182  26.439 0.0000000000
112466  -6.396  -87.751  27.102 0.0000000000
112467  -6.233  -87.019  27.299 0.0000000000
112468  -5.953  -86.839  28.141 0.0000000000
112469  -5.741  -86.549  29.116 0.0000000000
112470  -5.495  -86.203  29.911 0.0000000000
112471  -5.385  -85.741  29.164 0.0000000000
112472  -5.004  -84.955  29.146 0.0000000000
112473  -4.664  -84.240  29.112 0.0000000000
112474  -4.391  -83.574  29.003 0.0000000000
112475  -4.587  -83.819  28.304 0.0000000000
112476  -4.547  -83.412  27.480 0.0000000000
112477  -4.522  -83.050  26.682 0.0000000000
112567  -14.445  -98.444  15.057 0.0000000000
112568  -14.033  -98.718  14.572 0.0000000000
112569  -14.576  -98.821  14.554 0.0000000000
112581  -22.467  -97.250  9.860 0.0000000000
112582  -21.995  -97.593  10.148 0.0000000000
112583  -21.822  -97.545  9.163 0.0000000000
112584  -21.186  -97.743  8.426 0.0000000000
112585  -20.497  -97.871  7.755 0.0000000000
112618  -26.890  -96.809  -2.118 0.0000000000
112619  -27.351  -96.175  -2.017 0.0000000000
112620  -27.728  -95.473  -1.992 0.0000000000
112621  -23.213  -93.195  1.662 0.0000000000
112622  -23.374  -93.801  1.132 0.0000000000
112623  -23.548  -93.056  1.191 0.0000000000
112624  -23.877  -92.980  0.797 0.0000000000
112625  -24.302  -92.872  0.419 0.0000000000
112626  -26.202  -90.717  -0.323 0.0000000000
112627  -25.855  -91.304  -0.297 0.0000000000
112628  -26.520  -91.248  -0.588 0.0000000000
112629  -26.840  -91.799  -0.860 0.0000000000
112630  -27.180  -92.404  -1.160 0.0000000000
112631  -27.492  -93.062  -1.503 0.0000000000
112632  -27.739  -92.377  -1.562 0.0000000000
112633  -28.139  -92.266  -2.052 0.0000000000
112634  -28.320  -92.172  -2.618 0.0000000000
112635  -28.241  -92.089  -3.065 0.0000000000
112636  -28.300  -91.587  -2.698 0.0000000000
112637  -28.356  -90.973  -2.834 0.0000000000
112638  -28.507  -90.372  -2.951 0.0000000000
114588  -15.358  -62.811  -4.774 0.0000000000
114589  -15.746  -61.958  -5.131 0.0000000000
114591  -16.316  -61.746  -5.376 0.0000000000
114592  -16.930  -61.452  -5.490 0.0000000000
114635  -20.205  -85.444  -9.019 0.0000000000
114636  -19.602  -85.910  -8.875 0.0000000000
114637  -19.711  -85.449  -9.167 0.0000000000
114638  -19.166  -85.350  -9.325 0.0000000000
114639  -18.676  -85.035  -9.485 0.0000000000
114640  -17.573  -82.516  -8.940 0.0000000000
114641  -17.436  -83.235  -9.217 0.0000000000
114642  -17.085  -83.040  -9.486 0.0000000000
114643  -16.704  -83.607  -10.039 0.0000000000
114649  -20.759  -77.159  -6.719 0.0000000000
114650  -20.482  -77.851  -7.062 0.0000000000
114651  -20.252  -77.538  -7.279 0.0000000000
114652  -19.680  -78.110  -7.972 0.0000000000
114653  -19.168  -78.585  -8.587 0.0000000000
114654  -17.525  -78.340  -10.864 0.0000000000
114655  -17.833  -78.769  -10.610 0.0000000000
114656  -17.245  -79.004  -11.234 0.0000000000
114657  -16.849  -79.696  -11.592 0.0000000000
114658  -16.409  -80.345  -11.947 0.0000000000
114659  -15.786  -80.992  -12.288 0.0000000000
114688  -14.322  -70.353  -7.210 0.0000000000
114689  -19.272  -68.080  -11.227 0.0000000000
114690  -18.533  -68.720  -10.961 0.0000000000
114691  -18.784  -67.588  -11.176 0.0000000000
114692  -18.187  -67.218  -10.886 0.0000000000
114693  -17.662  -66.797  -10.490 0.0000000000
114694  -18.743  -64.708  -8.598 0.0000000000
114695  -18.102  -65.342  -8.843 0.0000000000
114696  -18.187  -65.500  -8.265 0.0000000000
114697  -17.707  -66.277  -7.889 0.0000000000
114698  -17.324  -67.007  -7.482 0.0000000000
114699  -16.833  -67.736  -7.126 0.0000000000
114700  -17.355  -67.150  -6.906 0.0000000000
114701  -17.322  -67.426  -6.295 0.0000000000
114702  -17.237  -67.449  -5.733 0.0000000000
114703  -17.131  -67.460  -5.102 0.0000000000
114704  -17.587  -66.793  -5.579 0.0000000000
114705  -17.788  -65.961  -5.482 0.0000000000
114706  -17.982  -65.181  -5.454 0.0000000000
114707  -20.960  -62.039  -5.464 0.0000000000
114708  -20.255  -62.593  -5.356 0.0000000000
114709  -20.627  -61.791  -5.175 0.0000000000
114710  -20.337  -61.463  -5.058 0.0000000000
117846  -11.131  -94.333  20.062 0.0000000000
117847  -10.870  -93.941  20.423 0.0000000000
117848  -11.172  -93.962  19.387 0.0000000000
117849  -11.289  -93.494  18.678 0.0000000000
117850  -11.475  -92.977  17.947 0.0000000000
117851  -12.062  -93.586  16.619 0.0000000000
117852  -11.843  -92.976  16.830 0.0000000000
117853  -11.625  -92.438  17.210 0.0000000000
117854  -11.724  -92.039  16.440 0.0000000000
117888  -24.391  -92.149  6.915 0.0000000000
119139  -33.382  -90.651  -8.101 0.0000000000
119140  -32.657  -91.059  -8.325 0.0000000000
119141  -33.695  -90.820  -8.422 0.0000000000
119142  -34.024  -90.875  -8.757 0.0000000000
119143  -34.236  -90.739  -9.090 0.0000000000
119146  -34.435  -90.482  -9.348 0.0000000000
119147  -34.610  -90.132  -9.564 0.0000000000
119148  -34.727  -89.711  -9.783 0.0000000000
120354  -10.366  -78.116  21.734 0.0000000000
122825  -29.606  -88.952  -15.120 0.0000000000
122827  -28.783  -88.864  -14.695 0.0000000000
122828  -28.111  -88.826  -14.305 0.0000000000
122829  -27.358  -88.844  -14.047 0.0000000000
122830  -27.872  -87.998  -14.832 0.0000000000
122831  -27.300  -88.375  -14.227 0.0000000000
122832  -26.609  -88.938  -13.762 0.0000000000
122838  -24.412  -88.832  -13.185 0.0000000000
122839  -24.297  -88.555  -13.433 0.0000000000
122840  -25.297  -87.897  -14.532 0.0000000000
122841  -24.673  -88.089  -14.128 0.0000000000
122842  -24.117  -88.280  -13.702 0.0000000000
122843  -23.934  -87.827  -13.796 0.0000000000
122844  -23.794  -87.265  -13.805 0.0000000000
122845  -23.679  -86.657  -13.766 0.0000000000
122846  -23.543  -86.156  -13.565 0.0000000000
122847  -23.920  -86.058  -14.216 0.0000000000
122848  -24.407  -85.335  -14.602 0.0000000000
122849  -25.261  -84.625  -14.628 0.0000000000
122850  -26.080  -85.059  -15.166 0.0000000000
126482  -8.280  -81.192  30.374 0.0000000000
126486  -8.946  -79.680  27.938 0.0000000000
126487  -8.890  -79.455  27.344 0.0000000000
126488  -8.876  -79.290  26.740 0.0000000000
126489  -8.157  -79.576  27.401 0.0000000000
126490  -7.464  -79.734  27.421 0.0000000000
126491  -6.748  -79.799  27.363 0.0000000000
126492  -6.105  -80.429  28.686 0.0000000000
126493  -6.098  -80.069  28.015 0.0000000000
126494  -6.108  -79.771  27.282 0.0000000000
126495  -5.488  -79.712  27.143 0.0000000000
126496  -5.078  -79.752  26.907 0.0000000000
126497  -4.693  -79.924  26.535 0.0000000000
126501  -9.931  -86.177  29.991 0.0000000000
126502  -9.331  -86.535  30.323 0.0000000000
126505  -8.837  -86.953  30.635 0.0000000000
126506  -8.390  -87.335  30.866 0.0000000000
126507  -7.870  -87.680  30.956 0.0000000000
126508  -7.432  -87.925  30.937 0.0000000000
126509  -7.881  -89.848  24.149 0.0000000000
126510  -7.460  -89.771  25.098 0.0000000000
126511  -7.598  -89.266  24.479 0.0000000000
126512  -7.371  -88.661  24.858 0.0000000000
126513  -7.196  -88.047  25.231 0.0000000000
126514  -7.772  -87.493  23.594 0.0000000000
126515  -7.438  -87.440  24.612 0.0000000000
126516  -7.020  -87.382  25.540 0.0000000000
126517  -6.796  -86.561  25.786 0.0000000000
126518  -6.409  -85.875  25.975 0.0000000000
126519  -6.021  -85.197  26.060 0.0000000000
126520  -5.598  -84.533  26.119 0.0000000000
126521  -5.920  -84.589  25.334 0.0000000000
126522  -5.669  -84.093  24.624 0.0000000000
126592  -17.065  -98.398  15.058 0.0000000000
126593  -16.540  -98.717  14.503 0.0000000000
126594  -17.235  -98.589  14.474 0.0000000000
126595  -17.416  -98.727  13.792 0.0000000000
126596  -17.618  -98.739  13.007 0.0000000000
126597  -18.924  -98.408  13.560 0.0000000000
126598  -18.350  -98.586  12.859 0.0000000000
126599  -17.709  -98.721  12.191 0.0000000000
126603  -21.120  -96.420  6.376 0.0000000000
126604  -20.933  -96.951  6.470 0.0000000000
126605  -20.589  -96.762  5.541 0.0000000000
126632  -25.169  -96.375  -0.492 0.0000000000
126633  -25.384  -95.798  -0.561 0.0000000000
126634  -24.067  -90.218  1.938 0.0000000000
126635  -24.104  -90.800  1.368 0.0000000000
126636  -24.389  -90.128  1.439 0.0000000000
126637  -24.777  -90.079  0.991 0.0000000000
126638  -25.263  -90.041  0.568 0.0000000000
126640  -25.662  -89.317  0.582 0.0000000000
126641  -25.841  -90.031  0.153 0.0000000000
126642  -26.556  -90.031  -0.305 0.0000000000
126643  -27.141  -89.978  -0.695 0.0000000000
126644  -27.667  -89.880  -1.129 0.0000000000
126645  -28.144  -89.845  -1.590 0.0000000000
128167  -15.379  -64.825  -4.369 0.0000000000
128168  -15.906  -64.466  -4.781 0.0000000000
128201  -20.168  -83.128  -7.859 0.0000000000
128202  -19.517  -83.561  -8.278 0.0000000000
128203  -19.578  -82.913  -7.823 0.0000000000
128204  -19.026  -82.601  -7.908 0.0000000000
128205  -18.517  -82.305  -8.151 0.0000000000
128206  -19.414  -81.375  -7.473 0.0000000000
128207  -18.762  -81.660  -7.919 0.0000000000
128208  -18.150  -82.037  -8.397 0.0000000000
128209  -17.899  -81.831  -8.688 0.0000000000
128210  -17.679  -81.613  -8.968 0.0000000000
128211  -17.592  -81.342  -9.361 0.0000000000
128212  -19.634  -76.023  -7.817 0.0000000000
128213  -19.465  -76.918  -8.105 0.0000000000
128214  -19.247  -76.639  -8.435 0.0000000000
128215  -18.842  -77.006  -9.141 0.0000000000
128216  -18.413  -77.335  -9.808 0.0000000000
128217  -18.105  -76.146  -9.669 0.0000000000
128218  -17.989  -76.897  -9.994 0.0000000000
128219  -17.828  -77.648  -10.409 0.0000000000
128220  -17.058  -78.049  -10.738 0.0000000000
128221  -16.276  -78.458  -10.910 0.0000000000
128242  -14.631  -70.289  -9.334 0.0000000000
128243  -20.110  -63.485  -10.880 0.0000000000
128244  -19.423  -64.230  -10.805 0.0000000000
128245  -19.738  -63.464  -10.366 0.0000000000
128246  -19.510  -63.592  -9.898 0.0000000000
128247  -19.447  -63.767  -9.402 0.0000000000
128248  -20.796  -62.549  -9.092 0.0000000000
128249  -20.087  -63.277  -9.027 0.0000000000
128250  -19.351  -64.004  -8.870 0.0000000000
128251  -19.231  -64.246  -8.342 0.0000000000
128252  -19.193  -64.439  -7.857 0.0000000000
128253  -19.083  -64.669  -7.293 0.0000000000
128254  -18.993  -64.770  -6.756 0.0000000000
128255  -19.606  -64.206  -6.921 0.0000000000
128256  -20.236  -63.586  -6.544 0.0000000000
128257  -20.791  -62.923  -6.179 0.0000000000
128258  -21.694  -62.311  -6.805 0.0000000000
128259  -21.539  -62.313  -6.279 0.0000000000
128260  -21.230  -62.247  -5.832 0.0000000000
129154  -28.355  -94.375  -4.659 0.0000000000
129155  -28.302  -94.525  -5.229 0.0000000000
129156  -28.391  -93.992  -5.167 0.0000000000
129157  -28.533  -93.426  -5.788 0.0000000000
129158  -28.857  -92.819  -6.391 0.0000000000
129159  -28.930  -91.962  -5.880 0.0000000000
129160  -29.150  -92.068  -6.403 0.0000000000
129161  -29.377  -92.160  -6.872 0.0000000000
129162  -30.097  -91.520  -7.204 0.0000000000
129163  -30.962  -91.037  -7.463 0.0000000000
129164  -31.954  -90.673  -7.675 0.0000000000
129170  -31.832  -89.605  -6.969 0.0000000000
129171  -32.251  -89.871  -7.246 0.0000000000
129173  -33.062  -90.408  -7.805 0.0000000000
129174  -34.122  -90.262  -7.872 0.0000000000
132492  -29.953  -91.605  -14.647 0.0000000000
132493  -30.073  -91.165  -14.956 0.0000000000
132494  -31.644  -90.477  -14.962 0.0000000000
132495  -30.902  -90.663  -15.112 0.0000000000
132496  -30.141  -90.777  -15.192 0.0000000000
132497  -30.208  -90.362  -15.339 0.0000000000
132498  -30.275  -89.929  -15.402 0.0000000000
132499  -30.338  -89.505  -15.417 0.0000000000
132501  -34.528  -88.356  -15.751 0.0000000000
132502  -33.687  -88.616  -15.974 0.0000000000
132504  -33.696  -88.146  -16.198 0.0000000000
132505  -32.766  -88.864  -16.084 0.0000000000
132506  -31.873  -89.028  -16.027 0.0000000000
132507  -31.139  -89.013  -15.779 0.0000000000
132508  -30.350  -89.028  -15.443 0.0000000000
132509  -30.312  -88.542  -15.511 0.0000000000
132510  -30.210  -88.053  -15.624 0.0000000000
132511  -29.992  -87.605  -15.837 0.0000000000
132514  -29.800  -87.174  -16.070 0.0000000000
132515  -29.649  -86.749  -16.299 0.0000000000
135817  -8.456  -82.885  32.728 0.0000000000
135818  -8.015  -82.579  32.288 0.0000000000
135819  -7.311  -82.774  32.415 0.0000000000
135820  -6.659  -82.960  32.470 0.0000000000
135821  -6.011  -83.135  32.286 0.0000000000
135825  -9.989  -91.617  26.937 0.0000000000
135826  -9.393  -91.758  26.657 0.0000000000
135827  -9.812  -92.474  25.121 0.0000000000
135828  -9.403  -92.077  25.720 0.0000000000
135829  -8.904  -91.803  26.221 0.0000000000
135830  -8.489  -91.628  25.667 0.0000000000
135831  -8.243  -91.370  25.101 0.0000000000
135832  -8.159  -90.966  24.524 0.0000000000
135833  -10.554  -93.545  20.834 0.0000000000
135834  -10.173  -93.133  21.315 0.0000000000
135835  -9.754  -92.676  21.897 0.0000000000
135836  -10.441  -92.156  20.105 0.0000000000
135837  -9.872  -92.186  21.350 0.0000000000
135838  -9.333  -92.137  22.533 0.0000000000
135839  -8.947  -91.545  23.095 0.0000000000
135840  -8.544  -91.029  23.481 0.0000000000
135841  -8.192  -90.429  23.864 0.0000000000
135842  -8.291  -89.850  23.154 0.0000000000
135843  -8.419  -89.230  22.507 0.0000000000
135844  -8.479  -88.603  21.820 0.0000000000
135845  -9.152  -89.253  20.365 0.0000000000
135846  -8.784  -88.633  20.715 0.0000000000
135907  -23.374  -96.701  14.121 0.0000000000
135908  -22.654  -97.265  13.555 0.0000000000
135909  -23.377  -96.956  13.248 0.0000000000
135910  -23.368  -97.104  12.356 0.0000000000
135911  -23.281  -97.140  11.473 0.0000000000
135912  -24.479  -96.566  11.674 0.0000000000
135913  -23.795  -96.801  11.140 0.0000000000
135914  -23.113  -96.995  10.514 0.0000000000
135915  -22.877  -96.814  9.589 0.0000000000
135916  -22.515  -96.578  8.788 0.0000000000
135917  -22.142  -96.340  7.972 0.0000000000
135919  -25.457  -95.114  10.117 0.0000000000
135920  -24.666  -95.154  9.681 0.0000000000
135921  -24.578  -94.351  8.972 0.0000000000
135922  -24.193  -94.822  9.084 0.0000000000
135923  -23.847  -95.312  9.153 0.0000000000
135924  -23.051  -95.520  8.529 0.0000000000
135925  -22.353  -95.787  7.886 0.0000000000
135926  -21.734  -96.102  7.148 0.0000000000
135927  -21.285  -95.894  6.329 0.0000000000
135928  -20.917  -95.744  5.463 0.0000000000
135929  -20.698  -95.635  4.551 0.0000000000
135930  -21.450  -94.650  5.344 0.0000000000
135931  -21.000  -95.120  4.521 0.0000000000
135932  -20.752  -95.747  3.741 0.0000000000
135933  -20.926  -95.876  2.969 0.0000000000
135934  -21.311  -95.928  2.314 0.0000000000
135935  -21.796  -95.945  1.854 0.0000000000
135936  -22.342  -95.938  1.522 0.0000000000
135937  -22.043  -95.334  1.840 0.0000000000
135938  -22.340  -94.638  1.837 0.0000000000
135939  -22.656  -93.954  1.929 0.0000000000
135940  -22.298  -93.493  3.201 0.0000000000
135941  -22.559  -93.383  2.633 0.0000000000
135942  -22.921  -93.301  2.177 0.0000000000
135943  -23.080  -92.577  2.283 0.0000000000
135944  -23.305  -91.814  2.380 0.0000000000
135945  -23.551  -91.082  2.444 0.0000000000
135946  -24.051  -91.825  6.223 0.0000000000
135947  -23.806  -91.483  5.614 0.0000000000
135948  -23.667  -91.181  5.047 0.0000000000
135950  -24.057  -90.606  5.113 0.0000000000
135951  -23.635  -90.979  4.423 0.0000000000
135952  -23.613  -90.790  3.750 0.0000000000
135953  -23.694  -90.607  3.109 0.0000000000
135954  -23.795  -90.426  2.484 0.0000000000
135955  -24.184  -89.705  2.589 0.0000000000
135956  -24.565  -88.966  2.643 0.0000000000
135957  -24.926  -88.238  2.648 0.0000000000
137333  -14.057  -70.996  -4.124 0.0000000000
137366  -22.017  -77.141  -5.812 0.0000000000
137367  -21.665  -76.862  -5.928 0.0000000000
137370  -21.331  -76.674  -6.152 0.0000000000
137371  -20.942  -76.382  -6.310 0.0000000000
137372  -20.620  -76.105  -6.571 0.0000000000
137373  -20.319  -75.801  -6.859 0.0000000000
137380  -21.107  -74.325  -6.089 0.0000000000
137381  -20.518  -74.913  -6.660 0.0000000000
137382  -20.052  -75.458  -7.228 0.0000000000
137383  -19.781  -75.063  -7.621 0.0000000000
137384  -19.578  -74.647  -8.052 0.0000000000
137385  -19.328  -74.220  -8.560 0.0000000000
137386  -20.073  -72.397  -8.066 0.0000000000
137387  -19.628  -73.034  -8.620 0.0000000000
137388  -19.139  -73.750  -9.124 0.0000000000
137389  -18.844  -73.398  -9.682 0.0000000000
137390  -18.506  -73.089  -10.112 0.0000000000
137391  -18.255  -72.685  -10.382 0.0000000000
137392  -17.935  -72.298  -10.482 0.0000000000
137393  -18.676  -71.731  -10.714 0.0000000000
137394  -18.991  -70.735  -10.965 0.0000000000
137395  -19.357  -69.681  -11.151 0.0000000000
137396  -20.470  -69.389  -10.808 0.0000000000
137397  -20.092  -69.029  -11.146 0.0000000000
137398  -19.721  -68.535  -11.251 0.0000000000
137399  -19.978  -67.365  -11.353 0.0000000000
137400  -20.148  -66.257  -11.416 0.0000000000
137401  -20.294  -64.890  -11.394 0.0000000000
137403  -22.459  -66.605  -9.483 0.0000000000
137404  -22.235  -65.988  -10.101 0.0000000000
137407  -21.894  -65.409  -10.694 0.0000000000
137408  -21.463  -64.800  -11.086 0.0000000000
137409  -20.998  -64.114  -11.228 0.0000000000
137410  -20.480  -63.682  -11.201 0.0000000000
137411  -20.761  -62.645  -10.735 0.0000000000
137412  -21.094  -61.808  -10.236 0.0000000000
137413  -21.559  -61.181  -9.664 0.0000000000
139275  -28.200  -94.578  -5.851 0.0000000000
139276  -28.139  -94.602  -6.474 0.0000000000
139277  -28.027  -94.544  -7.183 0.0000000000
139278  -28.890  -93.442  -7.534 0.0000000000
139279  -28.466  -93.961  -7.682 0.0000000000
139280  -28.004  -94.451  -7.890 0.0000000000
139281  -28.159  -94.328  -8.546 0.0000000000
139282  -28.250  -94.308  -9.210 0.0000000000
139284  -31.982  -91.527  -8.551 0.0000000000
139285  -31.326  -92.009  -8.785 0.0000000000
139286  -30.713  -92.481  -9.026 0.0000000000
139287  -31.780  -91.986  -9.667 0.0000000000
139288  -30.936  -92.501  -9.509 0.0000000000
139289  -30.161  -92.874  -9.313 0.0000000000
139290  -29.629  -93.236  -9.686 0.0000000000
139303  -30.993  -91.361  -13.616 0.0000000000
139304  -31.855  -90.730  -13.742 0.0000000000
139305  -32.256  -90.494  -12.833 0.0000000000
139306  -32.559  -90.314  -13.371 0.0000000000
139307  -32.838  -90.145  -13.924 0.0000000000
139308  -33.850  -89.527  -14.046 0.0000000000
139313  -35.817  -88.223  -12.163 0.0000000000
139316  -36.089  -88.111  -12.720 0.0000000000
142523  -11.368  -92.823  24.198 0.0000000000
142524  -11.378  -93.346  23.386 0.0000000000
142525  -11.335  -93.855  22.490 0.0000000000
142526  -11.318  -94.235  21.552 0.0000000000
142534  -11.725  -94.490  21.230 0.0000000000
142535  -11.312  -94.505  20.701 0.0000000000
142536  -11.415  -94.693  19.782 0.0000000000
142537  -11.714  -94.781  18.866 0.0000000000
142538  -12.072  -94.924  17.966 0.0000000000
142539  -12.516  -95.533  18.533 0.0000000000
142540  -12.449  -95.371  17.818 0.0000000000
142541  -12.480  -95.108  17.106 0.0000000000
142542  -12.789  -95.537  16.286 0.0000000000
142543  -12.944  -96.124  15.620 0.0000000000
142544  -13.016  -96.778  15.050 0.0000000000
142545  -13.024  -97.456  14.645 0.0000000000
142546  -13.193  -97.273  15.163 0.0000000000
142547  -13.441  -97.619  15.361 0.0000000000
142548  -13.836  -97.824  15.469 0.0000000000
142549  -14.139  -97.060  16.428 0.0000000000
142550  -14.263  -97.518  15.956 0.0000000000
142551  -14.347  -97.973  15.522 0.0000000000
142552  -14.930  -98.041  15.532 0.0000000000
142553  -15.545  -98.060  15.509 0.0000000000
142554  -16.185  -98.057  15.543 0.0000000000
142557  -15.992  -96.351  17.048 0.0000000000
142558  -17.030  -95.756  16.904 0.0000000000
142559  -16.562  -96.340  16.898 0.0000000000
142560  -16.176  -96.804  16.704 0.0000000000
142561  -16.392  -97.248  16.405 0.0000000000
142562  -16.619  -97.669  16.002 0.0000000000
142563  -16.857  -98.053  15.575 0.0000000000
142564  -17.554  -97.975  15.594 0.0000000000
142565  -18.284  -97.822  15.581 0.0000000000
142566  -19.060  -97.654  15.549 0.0000000000
142567  -19.238  -96.794  16.143 0.0000000000
142568  -19.554  -97.146  15.875 0.0000000000
142569  -19.890  -97.521  15.502 0.0000000000
142570  -20.697  -97.351  15.436 0.0000000000
142571  -21.492  -97.123  15.307 0.0000000000
142572  -22.311  -96.807  14.996 0.0000000000
142593  -21.526  -95.094  15.618 0.0000000000
142595  -22.260  -94.746  15.322 0.0000000000
142596  -21.976  -95.410  15.541 0.0000000000
142597  -22.416  -95.744  15.394 0.0000000000
142598  -22.802  -96.117  15.135 0.0000000000
142599  -23.094  -96.451  14.678 0.0000000000
142600  -23.796  -96.154  14.324 0.0000000000
142601  -24.416  -95.918  13.939 0.0000000000
142602  -24.983  -95.694  13.575 0.0000000000
143949  -20.720  -87.478  -7.971 0.0000000000
143950  -19.975  -87.391  -7.616 0.0000000000
143951  -20.776  -86.889  -8.065 0.0000000000
143952  -20.771  -86.304  -8.309 0.0000000000
143953  -20.802  -85.870  -8.710 0.0000000000
143954  -21.948  -85.230  -9.504 0.0000000000
143955  -21.401  -85.324  -9.200 0.0000000000
143956  -20.759  -85.398  -8.978 0.0000000000
143957  -20.789  -84.924  -9.097 0.0000000000
143958  -20.819  -84.380  -8.975 0.0000000000
143959  -20.724  -83.720  -8.546 0.0000000000
143961  -23.243  -82.881  -10.353 0.0000000000
143962  -22.848  -82.958  -9.865 0.0000000000
143964  -23.163  -82.460  -9.226 0.0000000000
143965  -22.480  -83.018  -9.335 0.0000000000
143966  -22.014  -83.065  -8.832 0.0000000000
143967  -21.415  -83.142  -8.405 0.0000000000
143968  -20.790  -83.241  -8.063 0.0000000000
143969  -20.945  -82.689  -7.595 0.0000000000
143970  -21.185  -82.121  -7.156 0.0000000000
148926  -21.379  -87.423  -8.502 0.0000000000
148927  -22.046  -86.826  -9.061 0.0000000000
148928  -22.532  -86.172  -9.762 0.0000000000
148929  -22.797  -86.363  -10.538 0.0000000000
148930  -22.851  -85.927  -10.488 0.0000000000
148931  -22.871  -85.485  -10.473 0.0000000000
148932  -23.012  -84.910  -11.146 0.0000000000
148933  -23.250  -84.321  -11.721 0.0000000000
148934  -23.569  -83.736  -12.129 0.0000000000
148935  -23.483  -85.657  -13.428 0.0000000000
148936  -23.474  -85.169  -13.332 0.0000000000
148937  -23.515  -84.705  -13.252 0.0000000000
148939  -24.106  -84.063  -13.650 0.0000000000
148940  -23.661  -84.301  -13.129 0.0000000000
148941  -23.859  -83.963  -12.908 0.0000000000
158315  -10.389  -78.470  22.483 0.0000000000
158316  -9.753  -78.325  22.314 0.0000000000
158317  -8.897  -79.230  26.117 0.0000000000
158318  -8.933  -79.078  25.519 0.0000000000
158319  -8.938  -78.967  24.953 0.0000000000
158320  -7.576  -79.189  25.444 0.0000000000
158321  -8.302  -79.044  24.912 0.0000000000
158322  -8.988  -78.889  24.346 0.0000000000
158323  -9.069  -78.777  23.636 0.0000000000
158324  -9.127  -78.508  22.885 0.0000000000
158325  -9.161  -78.082  22.123 0.0000000000
158326  -8.567  -77.749  22.046 0.0000000000
158327  -7.965  -77.361  21.986 0.0000000000
158328  -7.320  -76.961  21.942 0.0000000000
158347  -8.981  -85.866  32.062 0.0000000000
158351  -9.424  -85.442  34.082 0.0000000000
158352  -9.291  -85.132  34.246 0.0000000000
158353  -8.537  -84.908  34.041 0.0000000000
158354  -7.913  -84.703  33.900 0.0000000000
158355  -7.356  -84.510  33.692 0.0000000000
158356  -7.032  -85.251  33.376 0.0000000000
158357  -6.899  -84.768  33.467 0.0000000000
158358  -6.848  -84.287  33.405 0.0000000000
158359  -6.397  -84.042  33.102 0.0000000000
158360  -5.941  -83.714  32.618 0.0000000000
158361  -5.494  -83.333  32.019 0.0000000000
158364  -8.768  -89.995  29.115 0.0000000000
158365  -8.241  -90.671  28.239 0.0000000000
158366  -8.232  -90.194  28.954 0.0000000000
158367  -8.240  -89.557  29.576 0.0000000000
158368  -7.799  -89.079  30.044 0.0000000000
158369  -7.409  -88.582  30.431 0.0000000000
158370  -7.026  -88.039  30.768 0.0000000000
158371  -7.079  -89.690  26.074 0.0000000000
158372  -6.747  -89.551  27.071 0.0000000000
158373  -6.591  -89.310  28.019 0.0000000000
158374  -6.314  -88.229  27.695 0.0000000000
158375  -6.336  -88.655  28.317 0.0000000000
158376  -6.576  -88.944  28.892 0.0000000000
158377  -6.622  -88.517  29.701 0.0000000000
158378  -6.645  -87.993  30.490 0.0000000000
158379  -6.623  -87.475  31.202 0.0000000000
158380  -6.224  -86.983  31.501 0.0000000000
158381  -5.873  -86.405  31.717 0.0000000000
158382  -5.570  -85.765  31.908 0.0000000000
158383  -5.306  -85.834  30.665 0.0000000000
158384  -5.237  -85.467  31.432 0.0000000000
158385  -5.326  -85.062  31.971 0.0000000000
158386  -5.144  -84.334  31.869 0.0000000000
158387  -5.042  -83.628  31.698 0.0000000000
158388  -5.068  -82.894  31.423 0.0000000000
158389  -4.735  -82.551  30.786 0.0000000000
158390  -4.477  -82.096  29.985 0.0000000000
158391  -4.336  -81.684  29.118 0.0000000000
158392  -4.166  -82.833  28.790 0.0000000000
158393  -4.159  -82.097  28.617 0.0000000000
158394  -4.260  -81.264  28.247 0.0000000000
158395  -4.248  -80.895  27.501 0.0000000000
158396  -4.300  -80.575  26.815 0.0000000000
158397  -4.380  -80.175  26.058 0.0000000000
158398  -5.175  -83.886  26.108 0.0000000000
158399  -4.819  -83.279  26.015 0.0000000000
158400  -4.504  -82.683  25.917 0.0000000000
158402  -4.359  -82.313  25.200 0.0000000000
158403  -4.240  -82.020  25.821 0.0000000000
158404  -4.192  -81.295  25.661 0.0000000000
158405  -4.312  -80.496  25.496 0.0000000000
158406  -4.594  -79.756  25.300 0.0000000000
158407  -4.724  -79.374  24.557 0.0000000000
158408  -4.785  -78.998  23.833 0.0000000000
158578  -13.012  -97.952  14.278 0.0000000000
158581  -13.644  -98.941  14.108 0.0000000000
158587  -15.999  -99.056  13.903 0.0000000000
158588  -15.440  -99.417  13.264 0.0000000000
158605  -21.985  -97.666  12.894 0.0000000000
158606  -21.360  -97.934  12.209 0.0000000000
158607  -20.748  -98.089  11.526 0.0000000000
158608  -21.414  -97.850  10.394 0.0000000000
158609  -20.715  -98.026  10.587 0.0000000000
158610  -20.006  -98.173  10.818 0.0000000000
158611  -19.260  -98.209  10.116 0.0000000000
158682  -27.779  -96.757  -4.638 0.0000000000
158683  -28.100  -96.227  -4.422 0.0000000000
158684  -28.326  -95.623  -4.250 0.0000000000
158685  -28.449  -94.939  -4.124 0.0000000000
158686  -22.846  -95.811  1.210 0.0000000000
158687  -23.327  -95.692  0.894 0.0000000000
158688  -23.782  -95.588  0.566 0.0000000000
158689  -23.575  -94.362  0.785 0.0000000000
158690  -23.854  -94.919  0.468 0.0000000000
158691  -24.195  -95.460  0.293 0.0000000000
158692  -24.635  -95.360  0.017 0.0000000000
158693  -25.118  -95.280  -0.297 0.0000000000
158694  -25.625  -95.208  -0.670 0.0000000000
158695  -24.234  -91.485  0.863 0.0000000000
158696  -24.484  -92.175  0.447 0.0000000000
158697  -24.770  -92.745  0.032 0.0000000000
158698  -25.592  -91.992  -0.257 0.0000000000
158699  -25.346  -92.641  -0.261 0.0000000000
158700  -25.137  -93.311  -0.252 0.0000000000
158701  -25.513  -93.915  -0.522 0.0000000000
158702  -25.873  -94.529  -0.815 0.0000000000
158703  -26.128  -95.150  -1.058 0.0000000000
158704  -26.738  -95.056  -1.370 0.0000000000
158705  -27.397  -94.936  -1.671 0.0000000000
158706  -28.031  -94.757  -2.001 0.0000000000
158707  -27.884  -93.585  -1.721 0.0000000000
158708  -28.140  -94.067  -2.066 0.0000000000
158709  -28.333  -94.569  -2.480 0.0000000000
158710  -28.492  -94.418  -3.047 0.0000000000
158711  -28.475  -94.378  -3.601 0.0000000000
158712  -28.379  -94.415  -4.142 0.0000000000
158713  -28.320  -93.840  -4.186 0.0000000000
158714  -28.277  -93.208  -4.269 0.0000000000
158715  -28.232  -92.569  -4.384 0.0000000000
158716  -28.151  -92.053  -3.558 0.0000000000
158717  -28.180  -92.007  -4.037 0.0000000000
158718  -28.272  -91.922  -4.523 0.0000000000
158719  -28.413  -91.213  -4.630 0.0000000000
158720  -28.706  -90.464  -4.748 0.0000000000
162709  -19.231  -87.251  -7.575 0.0000000000
162710  -18.577  -87.125  -7.794 0.0000000000
162712  -18.995  -86.340  -8.748 0.0000000000
162713  -18.285  -86.725  -8.715 0.0000000000
162718  -19.013  -83.913  -8.736 0.0000000000
162719  -18.585  -84.363  -9.292 0.0000000000
162720  -18.119  -84.898  -9.796 0.0000000000
162721  -17.542  -84.010  -9.549 0.0000000000
162722  -17.621  -84.723  -9.932 0.0000000000
162723  -17.580  -85.408  -10.110 0.0000000000
162736  -21.103  -78.622  -6.290 0.0000000000
162737  -20.319  -79.044  -6.831 0.0000000000
162738  -19.716  -79.493  -7.303 0.0000000000
162739  -20.053  -78.478  -7.325 0.0000000000
162740  -19.569  -79.214  -7.629 0.0000000000
162741  -19.103  -79.930  -7.872 0.0000000000
162742  -18.502  -80.378  -8.465 0.0000000000
162743  -17.964  -80.759  -9.118 0.0000000000
162744  -17.464  -81.036  -9.768 0.0000000000
162745  -19.269  -77.700  -8.494 0.0000000000
162746  -18.953  -78.392  -8.899 0.0000000000
162747  -18.615  -79.070  -9.252 0.0000000000
162748  -17.969  -79.182  -10.299 0.0000000000
162749  -18.118  -79.452  -9.943 0.0000000000
162750  -18.176  -79.665  -9.598 0.0000000000
162751  -17.741  -80.265  -9.925 0.0000000000
162752  -17.338  -80.796  -10.225 0.0000000000
162753  -16.889  -81.344  -10.434 0.0000000000
162754  -16.281  -81.685  -11.069 0.0000000000
162815  -14.103  -71.186  -4.828 0.0000000000
162816  -14.787  -70.590  -4.504 0.0000000000
162817  -17.657  -71.936  -10.385 0.0000000000
162818  -17.346  -71.491  -10.195 0.0000000000
162819  -16.979  -71.027  -10.024 0.0000000000
162820  -17.858  -69.228  -10.561 0.0000000000
162821  -17.262  -69.935  -10.240 0.0000000000
162822  -16.479  -70.617  -9.942 0.0000000000
162823  -15.946  -70.176  -9.800 0.0000000000
162824  -15.544  -69.696  -9.519 0.0000000000
162825  -15.152  -69.337  -9.068 0.0000000000
162826  -18.731  -65.066  -10.599 0.0000000000
162827  -18.013  -65.887  -10.306 0.0000000000
162828  -17.403  -66.731  -9.977 0.0000000000
162829  -17.754  -65.949  -9.121 0.0000000000
162830  -17.293  -66.531  -9.361 0.0000000000
162831  -16.790  -67.424  -9.561 0.0000000000
162832  -16.273  -67.967  -9.178 0.0000000000
162833  -15.713  -68.537  -8.872 0.0000000000
162834  -15.033  -69.269  -8.587 0.0000000000
162835  -14.958  -69.420  -8.003 0.0000000000
162836  -15.034  -69.646  -7.440 0.0000000000
162837  -15.185  -69.817  -6.927 0.0000000000
162838  -16.379  -68.516  -6.772 0.0000000000
162839  -15.854  -69.308  -6.445 0.0000000000
162840  -15.285  -70.032  -6.172 0.0000000000
162841  -15.365  -70.139  -5.507 0.0000000000
162842  -15.415  -70.090  -4.834 0.0000000000
162843  -15.287  -69.855  -4.220 0.0000000000
162844  -15.662  -69.061  -4.023 0.0000000000
162845  -15.931  -68.290  -3.941 0.0000000000
162846  -16.025  -67.532  -4.058 0.0000000000
162847  -16.791  -67.243  -4.688 0.0000000000
162848  -16.490  -67.033  -4.373 0.0000000000
162849  -16.067  -66.687  -4.274 0.0000000000
162850  -16.147  -65.745  -4.471 0.0000000000
162851  -16.291  -64.806  -4.740 0.0000000000
162852  -16.613  -63.896  -5.032 0.0000000000
162853  -18.830  -64.825  -6.247 0.0000000000
162854  -18.662  -64.652  -5.708 0.0000000000
162855  -18.335  -64.399  -5.316 0.0000000000
162856  -19.574  -63.086  -5.274 0.0000000000
162857  -18.769  -63.582  -5.186 0.0000000000
162858  -18.014  -64.054  -5.121 0.0000000000
162859  -17.621  -63.745  -5.052 0.0000000000
162860  -17.331  -63.386  -5.086 0.0000000000
162861  -16.962  -63.097  -5.191 0.0000000000
162862  -17.363  -62.320  -5.210 0.0000000000
