#!ascii label  , from subject fsaverage vox2ras=TkReg coords=white
549
131  14.271  -91.410  6.439 0.0000000000
339  8.490  -92.629  -5.208 0.0000000000
1373  13.343  -96.591  5.620 0.0000000000
1375  17.856  -93.784  -0.018 0.0000000000
1377  10.988  -92.694  -7.601 0.0000000000
1761  14.582  -90.605  -0.472 0.0000000000
2292  12.490  -99.812  11.111 0.0000000000
2293  9.653  -97.931  10.529 0.0000000000
2294  8.627  -93.171  8.908 0.0000000000
2485  13.601  -93.628  -5.599 0.0000000000
3293  13.863  -93.833  6.506 0.0000000000
3294  16.045  -95.493  3.376 0.0000000000
3295  15.967  -93.006  3.198 0.0000000000
5088  8.907  -97.103  13.055 0.0000000000
5089  7.639  -95.578  12.369 0.0000000000
5090  9.511  -95.246  10.076 0.0000000000
5566  11.499  -91.547  -2.954 0.0000000000
5567  13.807  -91.642  -3.497 0.0000000000
5568  10.435  -93.444  -5.473 0.0000000000
5569  14.049  -91.484  -7.094 0.0000000000
5570  13.398  -93.811  -8.980 0.0000000000
5571  16.091  -93.037  -9.057 0.0000000000
7084  6.749  -92.393  -7.946 0.0000000000
7085  8.540  -93.761  -7.453 0.0000000000
7086  8.491  -91.660  -9.224 0.0000000000
7087  11.638  -89.770  -7.905 0.0000000000
7947  15.696  -90.761  2.954 0.0000000000
9434  12.275  -101.014  7.855 0.0000000000
9435  10.797  -97.799  12.978 0.0000000000
9436  10.549  -99.415  11.055 0.0000000000
9437  11.197  -99.994  7.586 0.0000000000
9438  10.940  -97.812  7.836 0.0000000000
9439  11.521  -94.985  8.782 0.0000000000
9440  11.187  -92.670  8.486 0.0000000000
10009  16.661  -91.686  -0.307 0.0000000000
10010  16.737  -92.780  -3.359 0.0000000000
10012  11.206  -94.450  -7.598 0.0000000000
10013  13.908  -95.094  -8.150 0.0000000000
10973  14.112  -92.509  6.601 0.0000000000
10974  14.926  -93.419  4.834 0.0000000000
10975  15.172  -92.175  4.956 0.0000000000
12770  7.014  -94.441  11.791 0.0000000000
13246  9.817  -92.157  -4.145 0.0000000000
13247  10.703  -92.420  -4.384 0.0000000000
13248  9.292  -93.082  -5.399 0.0000000000
13250  15.033  -92.265  -8.047 0.0000000000
15641  17.117  -94.680  1.828 0.0000000000
15643  17.662  -95.408  0.008 0.0000000000
15645  18.061  -94.628  -1.785 0.0000000000
15646  6.639  -91.485  -9.423 0.0000000000
15647  7.320  -92.288  -8.918 0.0000000000
15648  7.489  -91.061  -10.200 0.0000000000
21021  12.259  -100.540  9.714 0.0000000000
21025  9.057  -97.619  11.896 0.0000000000
21026  9.581  -98.262  12.248 0.0000000000
21027  9.859  -98.860  10.873 0.0000000000
21028  10.783  -99.879  9.430 0.0000000000
21029  10.338  -99.178  9.312 0.0000000000
21030  11.017  -99.006  7.651 0.0000000000
21031  10.166  -98.004  9.264 0.0000000000
21032  9.232  -94.039  9.583 0.0000000000
21033  10.539  -95.039  9.360 0.0000000000
21034  10.226  -93.777  9.137 0.0000000000
21035  11.481  -93.726  8.818 0.0000000000
21036  9.859  -92.886  8.703 0.0000000000
22456  15.409  -90.580  1.193 0.0000000000
22457  16.080  -91.399  1.205 0.0000000000
22458  15.595  -91.175  -0.473 0.0000000000
22459  13.543  -92.656  -4.543 0.0000000000
22460  15.332  -92.055  -3.378 0.0000000000
22461  15.180  -92.995  -4.612 0.0000000000
22462  16.690  -93.778  -4.895 0.0000000000
22463  15.254  -93.925  -5.966 0.0000000000
22464  9.621  -93.398  -7.856 0.0000000000
22465  9.802  -94.200  -7.428 0.0000000000
22466  10.905  -93.835  -8.024 0.0000000000
22467  14.281  -94.507  -9.646 0.0000000000
22468  13.402  -94.838  -8.812 0.0000000000
22469  14.263  -95.397  -9.474 0.0000000000
24359  13.556  -95.268  6.087 0.0000000000
24360  14.704  -96.066  4.552 0.0000000000
24361  14.790  -94.771  4.683 0.0000000000
24362  16.060  -94.227  3.357 0.0000000000
24363  17.089  -93.395  1.682 0.0000000000
27592  8.237  -96.397  12.875 0.0000000000
27593  8.897  -96.720  11.557 0.0000000000
27594  9.623  -96.672  10.356 0.0000000000
27595  8.488  -95.511  11.166 0.0000000000
27596  8.130  -94.335  10.614 0.0000000000
27597  7.637  -93.398  9.737 0.0000000000
28450  13.162  -91.009  -1.905 0.0000000000
28451  14.376  -91.143  -2.060 0.0000000000
28452  12.425  -91.644  -3.377 0.0000000000
28453  11.967  -92.555  -4.558 0.0000000000
28454  11.922  -93.640  -5.459 0.0000000000
28455  12.567  -92.115  -7.174 0.0000000000
28456  12.298  -93.219  -8.150 0.0000000000
28457  13.695  -92.749  -8.187 0.0000000000
28458  14.603  -93.403  -9.190 0.0000000000
28459  15.509  -94.171  -10.077 0.0000000000
31888  7.379  -92.777  -6.580 0.0000000000
31889  8.204  -93.310  -6.543 0.0000000000
31890  7.571  -93.096  -7.704 0.0000000000
31891  8.357  -92.965  -8.332 0.0000000000
31892  9.636  -92.152  -8.179 0.0000000000
31893  9.094  -90.200  -10.036 0.0000000000
31894  9.983  -90.626  -8.701 0.0000000000
31895  11.067  -91.337  -7.413 0.0000000000
31896  12.768  -90.730  -6.835 0.0000000000
34185  15.314  -91.028  4.822 0.0000000000
34191  13.812  -90.062  -0.294 0.0000000000
34192  12.245  -90.647  -1.589 0.0000000000
34193  10.695  -91.122  -2.645 0.0000000000
38543  11.602  -98.910  12.199 0.0000000000
38544  9.768  -97.541  13.190 0.0000000000
38545  10.483  -98.704  12.495 0.0000000000
38546  11.388  -99.707  11.332 0.0000000000
38547  11.393  -100.297  9.568 0.0000000000
38548  11.511  -100.653  7.726 0.0000000000
38551  11.904  -98.555  6.162 0.0000000000
38552  12.040  -97.350  6.538 0.0000000000
38553  10.357  -96.581  9.345 0.0000000000
38554  11.309  -96.421  8.351 0.0000000000
38555  12.366  -95.960  7.194 0.0000000000
38556  12.694  -94.688  7.788 0.0000000000
38557  12.837  -93.362  7.935 0.0000000000
38558  12.854  -92.073  7.706 0.0000000000
40261  15.836  -91.763  3.070 0.0000000000
40262  16.789  -92.285  1.485 0.0000000000
40263  17.495  -92.555  -0.145 0.0000000000
40264  15.599  -91.384  -1.997 0.0000000000
40265  16.762  -92.087  -1.873 0.0000000000
40266  17.733  -93.105  -1.775 0.0000000000
40267  17.711  -94.050  -3.398 0.0000000000
40270  9.208  -93.857  -6.497 0.0000000000
40271  10.610  -94.265  -6.564 0.0000000000
40272  12.161  -94.310  -6.644 0.0000000000
40273  12.267  -94.194  -8.385 0.0000000000
40274  12.823  -94.676  -7.814 0.0000000000
40275  13.809  -94.421  -6.889 0.0000000000
41693  14.241  -91.963  6.494 0.0000000000
41694  14.701  -92.342  5.798 0.0000000000
41695  14.784  -91.789  5.726 0.0000000000
43966  9.121  -92.429  -4.663 0.0000000000
43967  9.506  -92.631  -4.767 0.0000000000
43968  8.868  -92.844  -5.321 0.0000000000
46361  17.556  -94.270  0.951 0.0000000000
46362  17.505  -95.014  0.932 0.0000000000
46363  17.832  -94.573  0.031 0.0000000000
46364  17.938  -95.007  -0.879 0.0000000000
46365  18.002  -94.189  -0.874 0.0000000000
46366  6.674  -90.980  -10.087 0.0000000000
46367  6.989  -91.315  -9.834 0.0000000000
46368  7.165  -90.760  -10.476 0.0000000000
51741  12.356  -100.224  10.510 0.0000000000
51745  9.322  -97.831  11.158 0.0000000000
51746  9.418  -98.233  11.438 0.0000000000
51747  9.715  -98.454  10.706 0.0000000000
51748  10.084  -99.111  10.124 0.0000000000
51749  9.937  -98.600  10.011 0.0000000000
51750  10.211  -98.619  9.285 0.0000000000
51751  9.883  -98.045  9.903 0.0000000000
51752  8.890  -93.583  9.211 0.0000000000
51753  9.691  -93.883  9.293 0.0000000000
51754  9.429  -93.382  8.988 0.0000000000
51755  10.052  -93.309  8.945 0.0000000000
51756  9.195  -93.046  8.758 0.0000000000
53176  15.070  -90.567  0.393 0.0000000000
53177  15.487  -90.920  0.315 0.0000000000
53178  15.082  -90.917  -0.541 0.0000000000
53179  13.508  -93.161  -5.076 0.0000000000
53180  14.346  -92.783  -4.561 0.0000000000
53181  14.373  -93.268  -5.111 0.0000000000
53182  15.278  -93.437  -5.278 0.0000000000
53183  14.476  -93.699  -5.759 0.0000000000
53184  10.260  -93.036  -7.839 0.0000000000
53185  10.194  -93.576  -7.903 0.0000000000
53186  10.936  -93.271  -7.849 0.0000000000
53188  14.237  -95.007  -9.639 0.0000000000
55958  13.687  -94.560  6.335 0.0000000000
55959  14.103  -95.032  5.348 0.0000000000
55960  14.229  -94.296  5.548 0.0000000000
55961  15.443  -93.265  4.007 0.0000000000
55962  15.467  -93.897  4.014 0.0000000000
55963  16.047  -93.627  3.263 0.0000000000
55964  16.645  -93.836  2.570 0.0000000000
55965  16.580  -93.262  2.490 0.0000000000
61345  7.388  -95.462  12.970 0.0000000000
61346  7.770  -95.803  13.254 0.0000000000
61347  7.934  -96.056  12.651 0.0000000000
61348  8.472  -96.616  12.239 0.0000000000
61349  8.261  -96.134  12.013 0.0000000000
61350  8.693  -96.131  11.380 0.0000000000
61351  8.004  -95.569  11.770 0.0000000000
61352  6.825  -93.942  11.410 0.0000000000
61353  7.568  -94.428  11.187 0.0000000000
61354  7.371  -93.924  10.792 0.0000000000
61355  7.905  -93.869  10.193 0.0000000000
61356  7.121  -93.416  10.326 0.0000000000
62776  12.387  -91.282  -2.476 0.0000000000
62777  12.912  -91.328  -2.610 0.0000000000
62778  11.942  -91.647  -3.147 0.0000000000
62779  10.532  -92.924  -4.956 0.0000000000
62780  11.286  -92.511  -4.504 0.0000000000
62781  11.154  -93.043  -4.999 0.0000000000
62782  11.872  -93.113  -5.029 0.0000000000
62783  11.065  -93.667  -5.549 0.0000000000
62784  13.317  -91.844  -7.137 0.0000000000
62785  13.146  -92.448  -7.640 0.0000000000
62786  13.852  -92.175  -7.571 0.0000000000
62787  15.583  -92.662  -8.519 0.0000000000
62788  14.821  -92.862  -8.634 0.0000000000
62789  15.331  -93.202  -9.094 0.0000000000
62790  15.067  -93.727  -9.568 0.0000000000
62791  15.755  -93.610  -9.622 0.0000000000
69961  15.384  -95.780  3.956 0.0000000000
69976  6.979  -92.657  -7.261 0.0000000000
69977  7.391  -92.946  -7.185 0.0000000000
69978  7.124  -92.747  -7.843 0.0000000000
69979  7.804  -92.069  -9.128 0.0000000000
69980  7.776  -92.686  -8.570 0.0000000000
69981  8.361  -92.401  -8.752 0.0000000000
69982  8.964  -92.671  -8.359 0.0000000000
69983  9.071  -91.932  -8.678 0.0000000000
69985  8.728  -89.993  -10.647 0.0000000000
69986  9.566  -89.530  -10.386 0.0000000000
69987  11.198  -89.476  -8.574 0.0000000000
69988  10.275  -89.906  -8.955 0.0000000000
69989  10.807  -90.142  -8.233 0.0000000000
69990  10.480  -90.912  -7.983 0.0000000000
69991  11.297  -90.511  -7.626 0.0000000000
69992  11.911  -91.039  -7.114 0.0000000000
69993  12.132  -90.229  -7.306 0.0000000000
75369  13.016  -90.350  -1.003 0.0000000000
75374  9.852  -91.323  -3.293 0.0000000000
86112  11.403  -97.852  12.706 0.0000000000
86113  11.808  -98.424  12.331 0.0000000000
86114  11.205  -98.356  12.610 0.0000000000
86117  9.353  -97.338  13.156 0.0000000000
86118  10.079  -98.856  11.689 0.0000000000
86119  9.988  -98.491  12.394 0.0000000000
86120  10.496  -99.100  11.800 0.0000000000
86121  10.937  -99.260  11.959 0.0000000000
86122  10.951  -99.600  11.179 0.0000000000
86123  11.407  -100.055  10.426 0.0000000000
86124  10.988  -99.882  10.397 0.0000000000
86125  10.952  -100.042  8.519 0.0000000000
86126  11.163  -100.288  8.600 0.0000000000
86127  11.358  -100.385  7.642 0.0000000000
86132  10.872  -98.455  7.680 0.0000000000
86133  11.417  -98.814  6.836 0.0000000000
86134  11.384  -98.250  6.954 0.0000000000
86135  11.928  -97.967  6.317 0.0000000000
86136  11.457  -97.664  7.125 0.0000000000
86137  9.582  -95.944  10.219 0.0000000000
86138  9.980  -96.622  9.783 0.0000000000
86139  10.007  -95.850  9.744 0.0000000000
86140  11.006  -94.955  9.125 0.0000000000
86141  10.975  -95.724  9.020 0.0000000000
86142  11.506  -95.685  8.627 0.0000000000
86143  11.830  -96.294  7.818 0.0000000000
86144  11.991  -95.575  8.103 0.0000000000
86145  12.532  -95.319  7.536 0.0000000000
86146  12.081  -94.888  8.321 0.0000000000
86147  11.314  -93.151  8.687 0.0000000000
86148  12.128  -93.621  8.425 0.0000000000
86149  12.081  -93.040  8.346 0.0000000000
86150  12.812  -92.710  7.837 0.0000000000
86151  12.017  -92.450  8.220 0.0000000000
90406  15.597  -90.862  3.916 0.0000000000
90407  15.580  -91.385  4.006 0.0000000000
90408  15.762  -91.246  3.002 0.0000000000
90409  16.429  -91.584  0.464 0.0000000000
90410  16.481  -91.808  1.321 0.0000000000
90411  16.835  -91.954  0.564 0.0000000000
90412  17.157  -92.414  0.682 0.0000000000
90413  17.113  -92.067  -0.250 0.0000000000
90414  14.116  -91.312  -2.795 0.0000000000
90415  15.006  -91.192  -2.076 0.0000000000
90416  14.725  -91.424  -2.796 0.0000000000
90417  16.059  -92.374  -3.362 0.0000000000
90418  16.121  -92.020  -2.647 0.0000000000
90419  16.766  -92.380  -2.603 0.0000000000
90420  17.310  -92.507  -1.787 0.0000000000
90421  17.337  -92.845  -2.573 0.0000000000
90422  17.748  -93.529  -2.569 0.0000000000
90423  17.316  -93.326  -3.359 0.0000000000
90429  8.311  -93.543  -7.070 0.0000000000
90430  8.673  -93.555  -6.522 0.0000000000
90431  8.818  -93.865  -6.995 0.0000000000
90432  10.507  -94.359  -7.459 0.0000000000
90433  10.077  -94.351  -7.103 0.0000000000
90434  10.803  -94.451  -7.095 0.0000000000
90435  11.374  -94.322  -6.577 0.0000000000
90436  11.590  -94.462  -7.163 0.0000000000
90437  12.854  -93.483  -8.588 0.0000000000
90438  12.248  -93.729  -8.372 0.0000000000
90439  12.801  -94.057  -8.699 0.0000000000
90440  13.590  -95.047  -8.511 0.0000000000
90441  13.047  -94.817  -8.339 0.0000000000
90442  13.354  -94.926  -7.927 0.0000000000
90443  13.264  -94.617  -7.355 0.0000000000
90444  13.914  -94.739  -7.442 0.0000000000
90445  14.519  -94.553  -7.064 0.0000000000
93479  14.022  -93.153  6.574 0.0000000000
93480  14.385  -93.599  5.679 0.0000000000
93481  14.539  -92.957  5.749 0.0000000000
93482  15.043  -92.783  4.908 0.0000000000
93483  15.482  -92.626  4.041 0.0000000000
96713  7.047  -95.008  12.661 0.0000000000
96714  7.299  -94.990  12.108 0.0000000000
96715  6.703  -94.427  12.376 0.0000000000
96716  6.385  -93.902  12.080 0.0000000000
97570  10.644  -91.863  -3.533 0.0000000000
97571  11.030  -91.973  -3.658 0.0000000000
97572  10.202  -92.310  -4.228 0.0000000000
97573  9.972  -92.794  -4.861 0.0000000000
97574  9.830  -93.257  -5.421 0.0000000000
97576  14.552  -91.857  -7.554 0.0000000000
101881  16.609  -95.098  2.642 0.0000000000
101882  16.504  -95.833  2.656 0.0000000000
101883  17.023  -95.469  1.881 0.0000000000
101884  17.285  -95.827  0.887 0.0000000000
101890  6.628  -91.981  -8.705 0.0000000000
101891  7.000  -92.429  -8.511 0.0000000000
101892  6.921  -91.865  -9.141 0.0000000000
101893  7.346  -91.690  -9.552 0.0000000000
101894  7.916  -91.346  -9.759 0.0000000000
111567  12.299  -100.838  8.832 0.0000000000
111573  8.920  -97.382  12.554 0.0000000000
111574  9.248  -97.685  12.672 0.0000000000
111575  9.284  -97.979  12.102 0.0000000000
111576  9.702  -98.554  11.598 0.0000000000
111577  10.135  -99.130  10.940 0.0000000000
111578  10.609  -99.646  10.272 0.0000000000
111579  10.310  -99.395  10.169 0.0000000000
111580  10.535  -99.616  9.362 0.0000000000
111581  10.755  -99.662  8.462 0.0000000000
111582  11.072  -99.518  7.600 0.0000000000
111583  10.630  -99.137  8.485 0.0000000000
111584  10.547  -98.537  8.528 0.0000000000
111585  10.542  -97.927  8.572 0.0000000000
111586  9.401  -94.617  9.918 0.0000000000
111587  9.996  -95.151  9.674 0.0000000000
111588  9.896  -94.489  9.523 0.0000000000
111589  10.393  -94.336  9.286 0.0000000000
111590  10.942  -94.256  9.140 0.0000000000
111591  11.543  -94.347  8.843 0.0000000000
111592  10.857  -93.715  9.069 0.0000000000
111593  10.692  -93.232  8.828 0.0000000000
111594  10.467  -92.766  8.631 0.0000000000
114148  15.615  -90.642  2.032 0.0000000000
114149  15.817  -91.098  2.066 0.0000000000
114150  15.719  -90.984  1.180 0.0000000000
114151  15.939  -91.270  0.333 0.0000000000
114152  16.141  -91.400  -0.379 0.0000000000
114153  13.624  -92.128  -4.070 0.0000000000
114154  14.544  -91.822  -3.439 0.0000000000
114155  14.424  -92.291  -4.008 0.0000000000
114156  15.215  -92.523  -3.994 0.0000000000
114157  16.006  -92.833  -4.051 0.0000000000
114158  16.751  -93.233  -4.111 0.0000000000
114159  16.069  -93.263  -4.803 0.0000000000
114160  16.003  -93.811  -5.459 0.0000000000
114162  9.041  -93.707  -7.688 0.0000000000
114163  9.116  -94.050  -7.361 0.0000000000
114164  9.654  -93.857  -7.664 0.0000000000
114165  10.304  -94.062  -7.725 0.0000000000
114166  11.006  -94.261  -7.900 0.0000000000
114167  13.854  -94.164  -9.290 0.0000000000
114168  13.314  -94.452  -9.004 0.0000000000
114169  13.787  -94.734  -9.292 0.0000000000
114170  13.858  -95.110  -9.092 0.0000000000
114171  14.072  -95.283  -8.819 0.0000000000
118277  13.507  -95.927  5.819 0.0000000000
118278  14.011  -96.366  5.141 0.0000000000
118279  14.116  -95.661  5.197 0.0000000000
118280  14.794  -95.431  4.587 0.0000000000
118281  15.444  -95.158  3.994 0.0000000000
118282  14.845  -94.068  4.760 0.0000000000
118283  15.449  -94.520  4.045 0.0000000000
118284  16.072  -94.850  3.374 0.0000000000
118285  16.654  -94.422  2.607 0.0000000000
118286  17.134  -94.007  1.751 0.0000000000
118287  17.508  -93.583  0.865 0.0000000000
125814  12.654  -99.406  11.579 0.0000000000
125821  8.203  -96.119  13.410 0.0000000000
125822  8.568  -96.733  13.026 0.0000000000
125823  8.637  -96.993  12.409 0.0000000000
125824  8.938  -97.210  11.689 0.0000000000
125825  9.311  -97.319  11.048 0.0000000000
125826  9.641  -97.397  10.429 0.0000000000
125827  9.253  -96.718  10.941 0.0000000000
125828  9.170  -96.042  10.806 0.0000000000
125829  9.047  -95.321  10.594 0.0000000000
125830  7.744  -94.964  11.518 0.0000000000
125831  8.308  -94.895  10.911 0.0000000000
125832  8.874  -94.753  10.370 0.0000000000
125833  8.675  -94.245  10.049 0.0000000000
125834  8.426  -93.756  9.658 0.0000000000
125835  8.096  -93.302  9.237 0.0000000000
127822  13.913  -90.769  -1.245 0.0000000000
127823  14.478  -90.963  -1.298 0.0000000000
127824  13.736  -91.101  -2.007 0.0000000000
127825  13.437  -91.337  -2.739 0.0000000000
127826  13.156  -91.597  -3.486 0.0000000000
127827  11.506  -92.007  -3.917 0.0000000000
127828  12.146  -92.015  -4.117 0.0000000000
127829  12.850  -92.033  -4.136 0.0000000000
127830  12.731  -92.589  -4.554 0.0000000000
127831  12.711  -93.124  -4.988 0.0000000000
127832  12.782  -93.595  -5.512 0.0000000000
127833  11.754  -92.402  -7.314 0.0000000000
127834  11.681  -92.957  -7.747 0.0000000000
127835  12.442  -92.705  -7.642 0.0000000000
127836  12.985  -92.986  -8.152 0.0000000000
127837  13.542  -93.266  -8.684 0.0000000000
127838  14.355  -92.467  -8.110 0.0000000000
127839  14.180  -93.052  -8.689 0.0000000000
127840  13.997  -93.586  -9.093 0.0000000000
127841  14.403  -93.945  -9.520 0.0000000000
127842  14.825  -94.282  -9.935 0.0000000000
137020  7.914  -92.743  -5.830 0.0000000000
137021  8.274  -92.986  -5.892 0.0000000000
137022  7.778  -93.031  -6.528 0.0000000000
137023  7.854  -93.261  -7.124 0.0000000000
137024  8.054  -93.435  -7.602 0.0000000000
137025  7.389  -92.793  -8.289 0.0000000000
137026  7.857  -93.144  -8.093 0.0000000000
137027  8.432  -93.407  -7.905 0.0000000000
137028  9.003  -93.240  -8.023 0.0000000000
137029  9.602  -92.858  -8.022 0.0000000000
137030  10.277  -92.410  -7.790 0.0000000000
137031  7.877  -90.430  -10.662 0.0000000000
137032  8.269  -90.651  -10.247 0.0000000000
137033  8.732  -90.910  -9.645 0.0000000000
137034  9.828  -89.719  -9.700 0.0000000000
137035  9.468  -90.436  -9.395 0.0000000000
137036  9.241  -91.183  -9.040 0.0000000000
137037  9.775  -91.390  -8.401 0.0000000000
137038  10.324  -91.693  -7.836 0.0000000000
137039  11.015  -92.097  -7.365 0.0000000000
137040  11.797  -91.780  -7.087 0.0000000000
137041  12.656  -91.461  -6.898 0.0000000000
137042  13.462  -91.155  -6.789 0.0000000000
143618  14.281  -90.926  6.367 0.0000000000
143619  14.859  -91.254  5.661 0.0000000000
143620  14.865  -90.792  5.617 0.0000000000
143621  15.267  -90.602  4.801 0.0000000000
143622  15.491  -90.449  3.889 0.0000000000
143625  15.556  -90.317  2.954 0.0000000000
143626  15.431  -90.236  2.048 0.0000000000
143627  15.156  -90.227  1.224 0.0000000000
143628  14.754  -90.245  0.368 0.0000000000
143636  14.414  -89.953  0.432 0.0000000000
143637  14.206  -90.275  -0.454 0.0000000000
143638  13.427  -90.584  -1.142 0.0000000000
143639  12.661  -90.873  -1.763 0.0000000000
143640  11.894  -91.143  -2.307 0.0000000000
143642  11.471  -90.927  -2.126 0.0000000000
143643  11.080  -91.387  -2.797 0.0000000000
143644  10.228  -91.621  -3.397 0.0000000000
143645  9.440  -91.881  -3.991 0.0000000000
156586  12.217  -98.940  11.960 0.0000000000
156587  12.031  -99.380  11.754 0.0000000000
156590  10.253  -97.699  13.125 0.0000000000
156591  9.641  -97.934  12.790 0.0000000000
156592  10.068  -98.148  12.884 0.0000000000
156593  10.604  -98.261  12.843 0.0000000000
156594  11.036  -98.855  12.437 0.0000000000
156595  11.468  -99.346  11.913 0.0000000000
156596  11.939  -99.784  11.359 0.0000000000
156597  11.824  -100.120  10.526 0.0000000000
156598  11.815  -100.443  9.624 0.0000000000
156599  11.789  -100.698  8.694 0.0000000000
156600  11.048  -100.070  9.555 0.0000000000
156601  11.441  -100.486  8.669 0.0000000000
156602  11.866  -100.854  7.729 0.0000000000
156614  12.684  -97.001  6.057 0.0000000000
156615  9.898  -97.375  9.822 0.0000000000
156616  10.275  -97.352  9.298 0.0000000000
156617  10.650  -97.277  8.671 0.0000000000
156618  10.441  -95.775  9.365 0.0000000000
156619  10.823  -96.494  8.866 0.0000000000
156620  11.117  -97.131  8.067 0.0000000000
156621  11.600  -97.012  7.447 0.0000000000
156622  12.222  -96.704  6.862 0.0000000000
156623  12.841  -96.327  6.352 0.0000000000
156624  12.991  -95.663  6.658 0.0000000000
156625  13.110  -95.022  7.007 0.0000000000
156626  13.348  -94.364  7.281 0.0000000000
156627  12.192  -94.246  8.425 0.0000000000
156628  12.811  -94.034  7.918 0.0000000000
156629  13.478  -93.663  7.322 0.0000000000
156630  13.495  -92.965  7.297 0.0000000000
156631  13.537  -92.316  7.222 0.0000000000
156632  13.625  -91.737  7.100 0.0000000000
156693  6.844  -92.874  9.804 0.0000000000
156694  7.299  -92.910  9.286 0.0000000000
156695  7.823  -92.849  8.893 0.0000000000
156704  8.398  -92.755  8.633 0.0000000000
156705  8.948  -92.612  8.494 0.0000000000
156706  9.544  -92.404  8.489 0.0000000000
156707  10.251  -92.298  8.463 0.0000000000
156710  11.064  -92.103  8.346 0.0000000000
156711  11.913  -91.816  8.046 0.0000000000
156712  12.798  -91.510  7.569 0.0000000000
156713  13.551  -91.183  7.015 0.0000000000
161737  15.229  -91.578  4.907 0.0000000000
161738  15.549  -91.970  4.071 0.0000000000
161739  15.918  -92.351  3.139 0.0000000000
161740  16.029  -91.564  2.114 0.0000000000
161741  16.260  -92.065  2.202 0.0000000000
161742  16.436  -92.670  2.371 0.0000000000
161743  16.980  -92.814  1.608 0.0000000000
161744  17.385  -92.959  0.776 0.0000000000
161745  17.731  -93.144  -0.024 0.0000000000
161746  15.075  -91.123  -1.288 0.0000000000
161747  15.670  -91.273  -1.212 0.0000000000
161748  16.269  -91.472  -1.154 0.0000000000
161749  15.461  -91.722  -2.715 0.0000000000
161750  16.236  -91.716  -1.946 0.0000000000
161751  16.826  -91.796  -1.129 0.0000000000
161752  17.256  -92.258  -1.044 0.0000000000
161753  17.652  -92.758  -0.913 0.0000000000
161754  17.898  -93.417  -0.926 0.0000000000
161755  17.998  -93.840  -1.768 0.0000000000
161756  17.967  -94.320  -2.588 0.0000000000
161758  17.293  -93.837  -4.195 0.0000000000
161764  8.680  -93.258  -6.009 0.0000000000
161765  9.156  -93.487  -5.889 0.0000000000
161766  9.715  -93.722  -6.003 0.0000000000
161767  9.415  -94.157  -7.021 0.0000000000
161768  9.857  -94.106  -6.558 0.0000000000
161769  10.406  -93.942  -6.040 0.0000000000
161770  11.232  -94.030  -6.022 0.0000000000
161771  12.044  -94.001  -6.021 0.0000000000
161772  12.870  -93.986  -6.100 0.0000000000
161773  11.623  -93.504  -8.056 0.0000000000
161774  11.628  -93.993  -8.182 0.0000000000
161775  11.692  -94.379  -8.084 0.0000000000
161776  12.864  -94.517  -8.597 0.0000000000
161777  12.416  -94.576  -8.201 0.0000000000
161778  12.035  -94.493  -7.721 0.0000000000
161779  12.484  -94.476  -7.267 0.0000000000
161780  13.030  -94.329  -6.760 0.0000000000
161781  13.698  -94.024  -6.245 0.0000000000
161782  14.466  -94.129  -6.465 0.0000000000
161783  15.195  -94.395  -6.694 0.0000000000
