#!ascii label  , from subject fsaverage vox2ras=TkReg coords=white
545
338  15.759  -85.053  5.163 0.0000000000
340  4.423  -83.665  -3.364 0.0000000000
818  16.018  -81.084  4.616 0.0000000000
819  10.600  -84.836  -0.972 0.0000000000
820  8.507  -80.461  1.797 0.0000000000
1219  6.345  -78.408  16.737 0.0000000000
1220  5.970  -79.045  11.556 0.0000000000
2299  13.443  -81.594  11.279 0.0000000000
2491  4.373  -76.914  0.307 0.0000000000
2738  15.270  -79.173  4.865 0.0000000000
2739  12.900  -80.629  2.124 0.0000000000
2740  11.882  -78.585  2.838 0.0000000000
3140  4.255  -75.850  16.347 0.0000000000
3896  6.749  -84.605  -1.728 0.0000000000
5102  7.050  -77.395  12.693 0.0000000000
5103  9.606  -80.297  12.259 0.0000000000
5104  10.882  -79.130  13.618 0.0000000000
5105  14.408  -80.169  11.589 0.0000000000
6080  16.221  -83.184  4.702 0.0000000000
6081  13.895  -84.819  1.501 0.0000000000
6082  13.588  -82.740  1.398 0.0000000000
6083  9.580  -82.366  0.191 0.0000000000
6084  5.776  -82.022  -0.281 0.0000000000
6803  5.569  -81.352  13.434 0.0000000000
6804  5.255  -81.218  10.581 0.0000000000
6805  4.465  -79.020  13.814 0.0000000000
6806  3.784  -76.441  13.197 0.0000000000
9453  8.594  -81.915  10.501 0.0000000000
9454  11.894  -82.902  10.414 0.0000000000
9455  15.296  -83.530  8.473 0.0000000000
9456  16.001  -81.805  8.361 0.0000000000
9457  16.024  -80.063  8.317 0.0000000000
10028  4.823  -78.981  1.398 0.0000000000
10029  3.959  -80.070  -1.958 0.0000000000
10031  5.508  -78.353  -2.923 0.0000000000
10032  4.858  -81.574  -5.101 0.0000000000
10419  13.939  -78.796  3.472 0.0000000000
11576  5.290  -84.285  -2.256 0.0000000000
12783  8.888  -78.299  13.395 0.0000000000
13973  16.047  -82.150  4.634 0.0000000000
13974  15.194  -82.949  2.911 0.0000000000
13975  14.944  -81.889  2.912 0.0000000000
13976  10.875  -80.555  1.800 0.0000000000
13977  11.169  -81.531  1.174 0.0000000000
13978  9.169  -81.270  0.955 0.0000000000
13979  7.496  -82.241  -0.028 0.0000000000
13980  7.071  -81.166  0.818 0.0000000000
15178  6.684  -81.146  14.977 0.0000000000
15179  6.149  -80.000  15.093 0.0000000000
15180  5.035  -80.214  13.721 0.0000000000
15181  5.407  -78.762  15.244 0.0000000000
15183  3.690  -76.324  14.872 0.0000000000
17446  12.340  -84.863  0.094 0.0000000000
21067  5.561  -80.120  11.026 0.0000000000
21068  6.810  -81.404  10.274 0.0000000000
21069  7.353  -80.470  11.070 0.0000000000
21070  11.425  -81.176  12.173 0.0000000000
21071  10.849  -81.828  11.472 0.0000000000
21072  12.741  -82.309  10.921 0.0000000000
21073  13.757  -83.281  9.683 0.0000000000
21074  14.427  -82.582  9.824 0.0000000000
21075  15.756  -82.713  8.425 0.0000000000
21076  14.944  -81.860  10.005 0.0000000000
21078  15.410  -80.204  10.047 0.0000000000
22505  4.756  -77.345  2.493 0.0000000000
22506  4.268  -77.889  0.963 0.0000000000
22507  4.201  -79.505  -0.081 0.0000000000
22508  4.100  -78.419  -0.955 0.0000000000
22514  6.590  -79.563  -3.990 0.0000000000
22515  5.068  -79.812  -4.201 0.0000000000
22516  6.196  -81.016  -5.031 0.0000000000
23360  15.737  -80.113  4.782 0.0000000000
23361  14.745  -80.808  3.066 0.0000000000
23362  14.459  -79.773  3.266 0.0000000000
23363  12.499  -79.629  2.481 0.0000000000
23364  10.262  -79.598  2.331 0.0000000000
24084  5.427  -77.055  16.570 0.0000000000
25444  8.680  -84.694  -1.537 0.0000000000
27616  6.385  -78.035  12.082 0.0000000000
27617  7.805  -79.484  11.968 0.0000000000
27618  8.311  -78.810  12.633 0.0000000000
27619  10.168  -79.781  12.953 0.0000000000
27620  12.215  -80.515  12.700 0.0000000000
27621  14.013  -80.930  11.481 0.0000000000
27622  12.782  -79.794  13.065 0.0000000000
29546  16.099  -84.174  4.883 0.0000000000
29547  15.324  -84.889  3.226 0.0000000000
29548  15.318  -83.983  2.981 0.0000000000
29549  13.922  -83.786  1.431 0.0000000000
29550  12.107  -83.704  0.126 0.0000000000
29551  13.216  -81.653  1.721 0.0000000000
29552  11.641  -82.545  0.518 0.0000000000
29553  10.165  -83.531  -0.498 0.0000000000
29554  8.127  -83.391  -0.795 0.0000000000
29555  6.142  -83.326  -0.981 0.0000000000
29556  4.830  -82.892  -1.717 0.0000000000
31234  6.142  -82.466  13.049 0.0000000000
31235  5.058  -82.499  11.658 0.0000000000
31236  4.961  -82.360  10.274 0.0000000000
31237  4.733  -81.358  11.938 0.0000000000
31238  4.649  -80.164  12.138 0.0000000000
31239  4.561  -78.971  12.101 0.0000000000
31240  4.476  -77.567  15.276 0.0000000000
31241  3.894  -77.854  13.526 0.0000000000
31242  4.651  -77.702  12.145 0.0000000000
31243  5.132  -76.611  12.410 0.0000000000
38594  15.194  -85.143  7.129 0.0000000000
38595  6.334  -82.389  9.638 0.0000000000
38596  8.101  -82.746  9.620 0.0000000000
38597  9.567  -83.258  9.792 0.0000000000
38598  9.100  -81.096  11.423 0.0000000000
38599  10.175  -82.505  10.593 0.0000000000
38600  11.138  -83.596  9.808 0.0000000000
38601  12.960  -83.968  9.528 0.0000000000
38602  14.576  -84.220  8.526 0.0000000000
38603  15.728  -84.382  6.893 0.0000000000
38604  16.191  -83.517  6.751 0.0000000000
38605  16.393  -82.550  6.610 0.0000000000
38606  16.383  -81.563  6.458 0.0000000000
38607  15.295  -81.014  10.053 0.0000000000
38608  16.118  -80.926  8.256 0.0000000000
38609  16.263  -80.622  6.481 0.0000000000
38610  15.977  -79.717  6.450 0.0000000000
40316  9.412  -78.082  2.974 0.0000000000
40317  7.621  -79.121  2.507 0.0000000000
40319  5.724  -78.373  2.604 0.0000000000
40320  6.216  -79.976  1.846 0.0000000000
40321  5.194  -80.559  0.594 0.0000000000
40322  4.501  -81.211  -0.944 0.0000000000
40323  4.162  -81.842  -2.789 0.0000000000
40326  5.240  -76.351  -0.151 0.0000000000
40328  6.245  -77.226  -1.535 0.0000000000
40329  4.784  -77.592  -1.490 0.0000000000
40330  4.343  -78.957  -2.665 0.0000000000
40331  4.151  -80.674  -3.796 0.0000000000
40332  4.219  -82.693  -4.462 0.0000000000
42296  4.768  -84.011  -2.710 0.0000000000
42297  4.983  -84.742  -2.944 0.0000000000
42298  4.594  -84.374  -3.598 0.0000000000
42300  4.391  -84.019  -4.171 0.0000000000
44693  16.043  -81.612  4.604 0.0000000000
44694  15.559  -82.007  3.739 0.0000000000
44695  15.508  -81.499  3.771 0.0000000000
44696  9.647  -80.506  1.793 0.0000000000
44697  9.987  -80.917  1.438 0.0000000000
44698  8.857  -80.846  1.384 0.0000000000
44699  8.047  -81.219  0.870 0.0000000000
44700  7.789  -80.781  1.342 0.0000000000
45898  6.565  -79.866  15.903 0.0000000000
45899  6.299  -79.239  15.932 0.0000000000
45900  5.832  -79.402  15.182 0.0000000000
45901  5.927  -78.602  15.938 0.0000000000
48166  11.475  -84.867  -0.484 0.0000000000
48167  11.595  -85.429  -0.427 0.0000000000
48168  10.746  -85.461  -1.020 0.0000000000
51787  5.772  -79.591  11.277 0.0000000000
51788  6.401  -80.242  10.933 0.0000000000
51789  6.690  -79.769  11.334 0.0000000000
51790  12.469  -81.378  11.798 0.0000000000
51791  12.110  -81.739  11.577 0.0000000000
51792  13.076  -81.896  11.131 0.0000000000
51793  13.639  -82.437  10.424 0.0000000000
51794  13.952  -82.052  10.581 0.0000000000
51795  14.710  -82.233  9.914 0.0000000000
51796  14.297  -81.764  10.698 0.0000000000
53224  4.347  -76.606  1.213 0.0000000000
53225  4.359  -77.103  1.524 0.0000000000
53226  4.241  -77.377  0.669 0.0000000000
53227  4.129  -78.129  0.070 0.0000000000
53228  4.183  -77.663  -0.246 0.0000000000
53235  6.383  -80.254  -4.566 0.0000000000
53236  7.112  -80.837  -4.823 0.0000000000
53237  6.902  -81.481  -5.180 0.0000000000
54293  15.497  -79.648  4.835 0.0000000000
54294  15.198  -79.912  3.949 0.0000000000
54295  14.949  -79.422  3.989 0.0000000000
54296  13.002  -78.662  3.015 0.0000000000
54297  13.288  -79.154  2.887 0.0000000000
54298  12.293  -79.083  2.698 0.0000000000
54299  11.413  -79.617  2.375 0.0000000000
54300  11.147  -79.057  2.597 0.0000000000
57766  7.694  -84.633  -1.682 0.0000000000
57767  7.986  -85.324  -2.021 0.0000000000
57768  7.040  -85.294  -2.149 0.0000000000
61387  6.721  -77.698  12.367 0.0000000000
61388  7.365  -78.387  12.348 0.0000000000
61389  7.665  -78.114  12.658 0.0000000000
61390  9.814  -78.739  13.607 0.0000000000
61391  9.491  -79.068  13.253 0.0000000000
61392  10.488  -79.475  13.317 0.0000000000
61393  11.158  -80.173  12.940 0.0000000000
61394  11.546  -79.846  13.196 0.0000000000
61395  12.527  -80.182  12.879 0.0000000000
61396  11.848  -79.482  13.444 0.0000000000
64958  16.189  -83.720  4.742 0.0000000000
64959  15.814  -84.082  3.904 0.0000000000
64960  15.812  -83.596  3.790 0.0000000000
64961  14.459  -82.846  2.069 0.0000000000
64962  14.613  -83.361  2.107 0.0000000000
64963  13.788  -83.262  1.383 0.0000000000
64964  13.069  -83.729  0.741 0.0000000000
64965  12.875  -83.188  0.763 0.0000000000
64966  13.906  -80.678  2.488 0.0000000000
64967  14.030  -81.222  2.301 0.0000000000
64968  13.027  -81.147  1.925 0.0000000000
64969  10.365  -81.906  0.707 0.0000000000
64970  11.382  -82.017  0.832 0.0000000000
64971  10.601  -82.449  0.320 0.0000000000
64972  10.909  -83.022  0.007 0.0000000000
64973  9.873  -82.942  -0.166 0.0000000000
64974  9.146  -83.471  -0.663 0.0000000000
64975  8.838  -82.873  -0.286 0.0000000000
64976  6.590  -82.162  -0.123 0.0000000000
64977  6.802  -82.775  -0.498 0.0000000000
64978  5.950  -82.682  -0.641 0.0000000000
64979  5.346  -83.214  -1.285 0.0000000000
64980  5.180  -82.469  -0.932 0.0000000000
68575  6.147  -81.311  14.129 0.0000000000
68576  6.412  -81.842  13.999 0.0000000000
68577  5.846  -81.944  13.227 0.0000000000
68578  5.553  -82.519  12.338 0.0000000000
68579  5.291  -81.945  12.554 0.0000000000
68580  4.882  -81.943  11.770 0.0000000000
68581  5.074  -81.401  12.692 0.0000000000
68582  4.759  -79.634  13.771 0.0000000000
68583  4.704  -80.216  12.971 0.0000000000
68584  4.542  -79.622  12.965 0.0000000000
68585  4.591  -79.567  12.146 0.0000000000
68586  4.361  -79.001  12.955 0.0000000000
68587  4.866  -76.423  16.498 0.0000000000
68588  4.967  -77.306  15.977 0.0000000000
68589  4.381  -76.720  15.813 0.0000000000
68590  3.660  -76.413  14.036 0.0000000000
68591  3.824  -77.121  14.255 0.0000000000
68592  3.783  -77.184  13.339 0.0000000000
68593  4.138  -77.771  12.650 0.0000000000
68594  4.157  -77.091  12.593 0.0000000000
68595  4.824  -77.134  12.237 0.0000000000
68596  4.273  -76.434  12.598 0.0000000000
75376  14.623  -84.847  2.347 0.0000000000
75377  14.545  -85.323  2.446 0.0000000000
75378  13.874  -85.326  1.621 0.0000000000
86242  5.085  -81.791  10.400 0.0000000000
86243  5.483  -82.309  9.747 0.0000000000
86244  5.691  -81.769  10.003 0.0000000000
86245  7.734  -81.627  10.378 0.0000000000
86246  7.470  -82.072  9.975 0.0000000000
86247  8.349  -82.304  10.052 0.0000000000
86248  8.843  -83.005  9.618 0.0000000000
86249  9.139  -82.612  10.111 0.0000000000
86250  8.763  -79.876  12.117 0.0000000000
86251  8.539  -80.311  11.697 0.0000000000
86252  9.401  -80.675  11.826 0.0000000000
86253  11.369  -82.387  10.941 0.0000000000
86254  10.506  -82.154  11.031 0.0000000000
86255  11.013  -82.712  10.534 0.0000000000
86256  10.664  -83.077  10.154 0.0000000000
86257  11.538  -83.246  10.098 0.0000000000
86258  12.110  -83.792  9.751 0.0000000000
86259  12.495  -83.472  9.946 0.0000000000
86260  14.578  -83.447  9.109 0.0000000000
86261  14.146  -83.753  9.145 0.0000000000
86262  14.928  -83.864  8.520 0.0000000000
86263  15.239  -84.336  7.758 0.0000000000
86264  15.520  -83.969  7.717 0.0000000000
86265  15.945  -83.976  6.834 0.0000000000
86266  15.786  -83.553  7.679 0.0000000000
86267  15.913  -82.274  8.370 0.0000000000
86268  16.216  -82.648  7.548 0.0000000000
86269  16.247  -82.184  7.517 0.0000000000
86270  16.384  -82.059  6.540 0.0000000000
86271  16.284  -81.720  7.504 0.0000000000
86272  14.243  -80.570  11.568 0.0000000000
86273  14.723  -81.027  10.799 0.0000000000
86274  14.882  -80.634  10.804 0.0000000000
86275  15.767  -80.137  9.165 0.0000000000
86276  15.770  -80.570  9.156 0.0000000000
86277  16.044  -80.480  8.274 0.0000000000
86278  16.314  -80.838  7.424 0.0000000000
86279  16.206  -80.379  7.386 0.0000000000
86280  16.143  -80.161  6.471 0.0000000000
86281  16.144  -79.946  7.332 0.0000000000
90547  8.458  -78.602  2.719 0.0000000000
90548  7.312  -78.330  2.864 0.0000000000
90552  4.784  -78.200  1.940 0.0000000000
90553  5.170  -77.897  2.581 0.0000000000
90554  5.239  -78.691  2.018 0.0000000000
90555  5.849  -79.169  2.184 0.0000000000
90556  5.383  -79.523  1.656 0.0000000000
90557  5.715  -80.268  1.232 0.0000000000
90558  4.951  -79.800  1.022 0.0000000000
90559  4.043  -79.805  -0.988 0.0000000000
90560  4.347  -80.382  -0.490 0.0000000000
90561  4.176  -80.664  -1.422 0.0000000000
90562  4.292  -81.507  -1.907 0.0000000000
90563  4.053  -80.900  -2.416 0.0000000000
90577  5.823  -77.701  -2.256 0.0000000000
90578  5.436  -77.319  -1.641 0.0000000000
90579  5.066  -77.889  -2.268 0.0000000000
90580  4.521  -78.218  -2.090 0.0000000000
90581  4.782  -78.537  -2.886 0.0000000000
90582  4.913  -80.620  -4.674 0.0000000000
90583  4.492  -80.180  -4.072 0.0000000000
90584  4.364  -81.032  -4.567 0.0000000000
90585  4.157  -81.689  -4.201 0.0000000000
90586  4.419  -82.067  -4.899 0.0000000000
90587  4.457  -83.032  -5.157 0.0000000000
90588  4.831  -82.540  -5.415 0.0000000000
92481  14.711  -78.968  4.075 0.0000000000
94564  5.993  -84.488  -1.914 0.0000000000
94565  6.275  -85.139  -2.268 0.0000000000
94566  5.579  -84.962  -2.522 0.0000000000
96736  7.355  -77.056  13.069 0.0000000000
96737  7.972  -77.839  13.067 0.0000000000
98879  16.111  -82.678  4.680 0.0000000000
98880  15.781  -83.068  3.777 0.0000000000
98881  15.632  -82.538  3.788 0.0000000000
98882  15.052  -82.412  2.911 0.0000000000
98883  14.337  -82.319  2.097 0.0000000000
98884  11.890  -80.586  1.896 0.0000000000
98885  12.013  -81.096  1.671 0.0000000000
98886  11.022  -81.036  1.516 0.0000000000
98887  10.213  -81.376  1.078 0.0000000000
98888  9.329  -81.809  0.555 0.0000000000
98889  8.544  -82.290  0.057 0.0000000000
98890  8.286  -81.731  0.424 0.0000000000
98891  7.274  -81.668  0.391 0.0000000000
98892  6.392  -81.548  0.284 0.0000000000
101049  6.747  -80.431  15.878 0.0000000000
101050  6.437  -80.584  15.022 0.0000000000
101051  5.864  -80.675  14.336 0.0000000000
101052  5.303  -80.778  13.598 0.0000000000
101053  5.563  -80.122  14.384 0.0000000000
101054  5.226  -79.520  14.483 0.0000000000
101055  4.871  -78.918  14.594 0.0000000000
101057  3.903  -76.097  15.648 0.0000000000
105130  13.134  -84.822  0.733 0.0000000000
105131  13.181  -85.335  0.824 0.0000000000
105132  12.393  -85.380  0.208 0.0000000000
111649  5.401  -80.654  10.807 0.0000000000
111650  5.910  -81.232  10.296 0.0000000000
111651  6.142  -80.716  10.608 0.0000000000
111652  7.070  -80.920  10.643 0.0000000000
111653  7.977  -81.204  10.801 0.0000000000
111654  10.506  -80.783  12.268 0.0000000000
111655  10.225  -81.099  11.905 0.0000000000
111656  11.126  -81.499  11.917 0.0000000000
111657  11.740  -82.079  11.296 0.0000000000
111658  12.286  -82.585  10.705 0.0000000000
111659  12.912  -83.108  10.103 0.0000000000
111660  13.305  -82.797  10.263 0.0000000000
111661  14.171  -82.986  9.723 0.0000000000
111662  14.884  -83.078  9.132 0.0000000000
111663  15.513  -83.120  8.481 0.0000000000
111664  15.124  -82.689  9.168 0.0000000000
111665  15.372  -82.301  9.188 0.0000000000
111666  15.541  -81.870  9.212 0.0000000000
111668  15.002  -80.243  10.802 0.0000000000
114237  4.478  -77.657  1.797 0.0000000000
114238  4.398  -78.423  1.188 0.0000000000
114239  4.379  -79.228  0.753 0.0000000000
114240  4.181  -78.650  0.405 0.0000000000
114241  4.051  -78.908  -0.520 0.0000000000
114242  3.986  -79.187  -1.482 0.0000000000
114252  6.020  -78.944  -3.491 0.0000000000
114253  5.259  -79.075  -3.571 0.0000000000
114254  5.763  -79.649  -4.133 0.0000000000
114255  5.594  -80.370  -4.698 0.0000000000
114256  5.472  -81.204  -5.109 0.0000000000
114257  5.381  -82.070  -5.494 0.0000000000
114258  6.123  -81.759  -5.417 0.0000000000
115946  15.848  -80.587  4.724 0.0000000000
115947  15.430  -80.967  3.812 0.0000000000
115948  15.323  -80.422  3.853 0.0000000000
115949  14.654  -80.285  3.173 0.0000000000
115950  13.858  -80.199  2.633 0.0000000000
115951  14.184  -79.276  3.350 0.0000000000
115952  13.529  -79.678  2.731 0.0000000000
115953  12.746  -80.114  2.291 0.0000000000
115954  11.667  -80.117  2.136 0.0000000000
115955  10.498  -80.144  2.090 0.0000000000
115956  9.252  -80.068  2.105 0.0000000000
117636  5.920  -77.732  16.625 0.0000000000
117638  5.286  -76.267  17.158 0.0000000000
117639  4.657  -75.690  17.036 0.0000000000
120808  9.718  -84.753  -1.335 0.0000000000
120809  9.894  -85.439  -1.465 0.0000000000
120810  8.956  -85.378  -1.792 0.0000000000
125878  6.088  -78.471  11.816 0.0000000000
125879  6.847  -79.226  11.691 0.0000000000
125880  7.064  -78.753  12.026 0.0000000000
125881  8.041  -79.087  12.315 0.0000000000
125882  8.976  -79.519  12.532 0.0000000000
125883  8.599  -78.568  13.000 0.0000000000
125884  9.247  -79.276  12.873 0.0000000000
125885  9.883  -80.040  12.591 0.0000000000
125886  10.815  -80.501  12.571 0.0000000000
125887  11.822  -80.846  12.459 0.0000000000
125888  12.873  -81.104  11.978 0.0000000000
125889  13.762  -81.286  11.385 0.0000000000
125890  13.192  -80.761  12.087 0.0000000000
125891  13.456  -80.414  12.241 0.0000000000
125892  13.699  -80.053  12.343 0.0000000000
127895  4.467  -76.186  0.890 0.0000000000
130664  15.951  -84.607  5.046 0.0000000000
130665  15.645  -84.978  4.210 0.0000000000
130666  15.774  -84.531  4.073 0.0000000000
130667  15.364  -84.458  3.152 0.0000000000
130668  14.656  -84.349  2.240 0.0000000000
130669  15.291  -83.479  2.921 0.0000000000
130670  14.682  -83.868  2.170 0.0000000000
130671  13.928  -84.302  1.453 0.0000000000
130672  13.165  -84.275  0.754 0.0000000000
130673  12.260  -84.285  0.088 0.0000000000
130674  11.333  -84.248  -0.422 0.0000000000
130675  14.843  -81.376  3.018 0.0000000000
130676  14.209  -81.779  2.176 0.0000000000
130677  13.439  -82.180  1.548 0.0000000000
130678  12.187  -81.579  1.393 0.0000000000
130679  12.438  -82.072  1.130 0.0000000000
130680  12.660  -82.634  0.894 0.0000000000
130681  11.901  -83.128  0.266 0.0000000000
130682  11.157  -83.606  -0.252 0.0000000000
130683  10.400  -84.167  -0.787 0.0000000000
130684  9.423  -84.114  -1.020 0.0000000000
130685  8.396  -84.013  -1.205 0.0000000000
130686  7.403  -83.969  -1.286 0.0000000000
130687  7.785  -82.821  -0.395 0.0000000000
130688  7.103  -83.363  -0.874 0.0000000000
130689  6.428  -83.949  -1.327 0.0000000000
130690  5.605  -83.836  -1.612 0.0000000000
130691  5.011  -83.603  -2.000 0.0000000000
130692  4.579  -83.273  -2.503 0.0000000000
135246  6.891  -81.711  14.915 0.0000000000
135247  6.684  -82.371  13.874 0.0000000000
135248  6.414  -82.988  12.886 0.0000000000
135249  5.825  -83.087  12.142 0.0000000000
135250  5.302  -83.102  11.438 0.0000000000
135251  5.000  -83.031  10.818 0.0000000000
135252  4.938  -82.932  10.181 0.0000000000
135253  4.847  -82.427  10.942 0.0000000000
135254  4.774  -81.871  11.009 0.0000000000
135255  4.832  -81.268  11.174 0.0000000000
135256  4.874  -80.800  12.904 0.0000000000
135257  4.654  -80.736  12.170 0.0000000000
135258  4.891  -80.682  11.284 0.0000000000
135259  4.942  -80.104  11.385 0.0000000000
135260  4.997  -79.525  11.487 0.0000000000
135261  5.109  -78.931  11.573 0.0000000000
135262  5.474  -77.945  15.950 0.0000000000
135263  4.958  -78.154  15.325 0.0000000000
135264  4.505  -78.356  14.672 0.0000000000
135265  4.005  -76.957  15.102 0.0000000000
135266  4.096  -77.754  14.493 0.0000000000
135267  4.162  -78.431  13.728 0.0000000000
135268  4.203  -78.425  12.762 0.0000000000
135269  4.580  -78.361  12.063 0.0000000000
135270  5.268  -78.319  11.776 0.0000000000
135271  5.461  -77.785  11.984 0.0000000000
135272  5.726  -77.324  12.186 0.0000000000
135273  6.107  -76.933  12.423 0.0000000000
135274  4.592  -75.837  12.743 0.0000000000
135275  5.514  -76.127  12.653 0.0000000000
135276  6.452  -76.563  12.787 0.0000000000
156740  15.654  -85.190  6.110 0.0000000000
156741  5.347  -82.891  9.628 0.0000000000
156742  6.090  -82.928  9.345 0.0000000000
156743  6.937  -83.039  9.212 0.0000000000
156744  6.533  -81.861  9.952 0.0000000000
156745  7.194  -82.526  9.595 0.0000000000
156746  7.745  -83.191  9.175 0.0000000000
156747  8.507  -83.414  9.173 0.0000000000
156748  9.211  -83.618  9.301 0.0000000000
156749  9.932  -83.818  9.496 0.0000000000
156750  7.607  -80.007  11.526 0.0000000000
156751  8.246  -80.794  11.285 0.0000000000
156752  8.843  -81.520  10.978 0.0000000000
156753  9.936  -81.445  11.505 0.0000000000
156754  9.634  -81.822  11.095 0.0000000000
156755  9.438  -82.234  10.632 0.0000000000
156756  9.884  -82.880  10.177 0.0000000000
156757  10.305  -83.457  9.845 0.0000000000
156758  10.672  -83.941  9.542 0.0000000000
156759  11.596  -84.130  9.579 0.0000000000
156760  12.533  -84.295  9.436 0.0000000000
156761  13.356  -84.431  9.138 0.0000000000
156762  13.362  -83.625  9.611 0.0000000000
156763  13.787  -84.110  9.119 0.0000000000
156764  14.200  -84.584  8.559 0.0000000000
156765  14.930  -84.686  7.847 0.0000000000
156766  15.492  -84.768  6.989 0.0000000000
156767  15.857  -84.741  6.028 0.0000000000
156768  16.064  -84.353  5.939 0.0000000000
156769  16.238  -83.903  5.834 0.0000000000
156770  16.375  -83.408  5.743 0.0000000000
156771  16.038  -83.102  7.616 0.0000000000
156772  16.367  -83.028  6.664 0.0000000000
156773  16.427  -82.896  5.672 0.0000000000
156774  16.352  -82.397  5.628 0.0000000000
156775  16.324  -81.857  5.490 0.0000000000
156776  16.274  -81.340  5.477 0.0000000000
156777  14.514  -81.416  10.783 0.0000000000
156778  15.141  -81.453  10.051 0.0000000000
156779  15.663  -81.403  9.228 0.0000000000
156780  15.376  -80.642  10.077 0.0000000000
156781  15.746  -80.983  9.189 0.0000000000
156782  16.065  -81.336  8.358 0.0000000000
156783  16.347  -81.285  7.467 0.0000000000
156784  16.362  -81.087  6.452 0.0000000000
156785  16.189  -80.854  5.535 0.0000000000
156786  16.063  -80.381  5.592 0.0000000000
156787  15.898  -79.911  5.619 0.0000000000
156788  15.662  -79.475  5.608 0.0000000000
161904  10.671  -78.364  2.874 0.0000000000
161905  9.827  -78.856  2.644 0.0000000000
161906  8.808  -79.392  2.408 0.0000000000
161907  8.013  -79.870  2.181 0.0000000000
161913  6.346  -77.993  3.017 0.0000000000
161914  6.558  -78.791  2.588 0.0000000000
161915  6.862  -79.598  2.237 0.0000000000
161916  7.363  -80.303  1.872 0.0000000000
161917  6.712  -80.616  1.355 0.0000000000
161918  6.070  -80.913  0.747 0.0000000000
161919  5.486  -81.276  0.160 0.0000000000
161920  4.581  -80.094  0.351 0.0000000000
161921  4.771  -80.916  -0.027 0.0000000000
161922  4.972  -81.680  -0.526 0.0000000000
161923  4.665  -82.020  -1.372 0.0000000000
161924  4.447  -82.393  -2.238 0.0000000000
161925  4.232  -82.810  -3.119 0.0000000000
161933  4.815  -75.900  0.615 0.0000000000
161934  4.676  -76.548  0.036 0.0000000000
161941  5.733  -76.781  -0.879 0.0000000000
161942  5.011  -76.936  -0.788 0.0000000000
161943  4.511  -77.259  -0.576 0.0000000000
161944  4.318  -77.948  -1.246 0.0000000000
161945  4.185  -78.647  -1.842 0.0000000000
161946  4.023  -79.456  -2.331 0.0000000000
161947  4.640  -79.362  -3.532 0.0000000000
161948  4.216  -79.780  -3.281 0.0000000000
161949  4.009  -80.312  -2.956 0.0000000000
161950  4.067  -81.254  -3.338 0.0000000000
161951  4.124  -82.282  -3.688 0.0000000000
161952  4.222  -83.215  -3.957 0.0000000000
161953  4.296  -83.611  -4.758 0.0000000000
