#!ascii label  , from subject fsaverage vox2ras=TkReg coords=white
610
31  14.291  -77.355  4.786 0.0000000000
438  5.095  -70.598  3.481 0.0000000000
554  8.520  -75.691  14.208 0.0000000000
1221  3.310  -73.110  15.494 0.0000000000
1979  13.233  -72.910  5.920 0.0000000000
1980  6.620  -74.319  5.153 0.0000000000
2300  15.129  -78.648  11.499 0.0000000000
2307  7.377  -67.673  12.772 0.0000000000
2308  13.230  -71.934  14.281 0.0000000000
2309  16.797  -75.503  9.886 0.0000000000
2738  15.270  -79.173  4.865 0.0000000000
2740  11.882  -78.585  2.838 0.0000000000
3140  4.255  -75.850  16.347 0.0000000000
4344  10.335  -70.799  6.315 0.0000000000
5104  10.882  -79.130  13.618 0.0000000000
5105  14.408  -80.169  11.589 0.0000000000
5106  12.319  -77.575  14.290 0.0000000000
5128  15.744  -74.215  12.990 0.0000000000
5581  4.851  -72.462  5.079 0.0000000000
5582  4.662  -75.785  3.467 0.0000000000
5583  4.753  -73.936  2.483 0.0000000000
6806  3.784  -76.441  13.197 0.0000000000
6807  4.857  -73.980  13.406 0.0000000000
7093  7.018  -69.896  1.490 0.0000000000
7094  7.061  -72.920  1.774 0.0000000000
8525  13.113  -75.213  4.882 0.0000000000
8526  10.131  -75.760  4.042 0.0000000000
8527  9.688  -73.241  5.383 0.0000000000
8528  6.743  -71.499  6.261 0.0000000000
8529  4.942  -69.413  5.954 0.0000000000
9457  16.024  -80.063  8.317 0.0000000000
9458  15.989  -78.438  7.889 0.0000000000
9478  4.273  -69.989  14.176 0.0000000000
9479  6.892  -71.597  13.842 0.0000000000
9481  10.165  -69.412  13.314 0.0000000000
9482  10.544  -73.644  14.917 0.0000000000
9483  13.920  -75.856  14.035 0.0000000000
9484  15.954  -77.029  10.920 0.0000000000
9485  15.756  -76.731  7.317 0.0000000000
9486  15.608  -74.921  6.913 0.0000000000
10027  7.052  -77.529  3.321 0.0000000000
10418  14.811  -78.224  4.792 0.0000000000
10419  13.939  -78.796  3.472 0.0000000000
10420  13.333  -77.829  3.622 0.0000000000
12782  7.726  -76.634  13.516 0.0000000000
12783  8.888  -78.299  13.395 0.0000000000
12784  9.596  -77.490  14.085 0.0000000000
12785  11.556  -78.374  14.147 0.0000000000
12786  10.431  -76.596  14.603 0.0000000000
13261  4.722  -71.394  4.451 0.0000000000
13262  4.583  -73.186  3.911 0.0000000000
13263  4.986  -72.315  3.203 0.0000000000
15182  3.508  -74.569  15.903 0.0000000000
15183  3.690  -76.324  14.872 0.0000000000
15184  3.493  -74.849  14.477 0.0000000000
15185  4.211  -75.104  13.216 0.0000000000
15186  3.715  -73.417  14.157 0.0000000000
18788  13.028  -73.910  5.361 0.0000000000
18789  11.392  -74.121  4.860 0.0000000000
18790  11.422  -72.858  5.460 0.0000000000
18791  8.676  -69.836  6.655 0.0000000000
18792  8.447  -71.033  6.440 0.0000000000
18793  6.941  -70.113  6.651 0.0000000000
18794  5.624  -70.476  6.326 0.0000000000
18795  5.846  -69.020  6.686 0.0000000000
21077  14.774  -79.404  11.533 0.0000000000
21078  15.410  -80.204  10.047 0.0000000000
21079  15.701  -79.476  9.858 0.0000000000
21080  16.004  -79.226  8.140 0.0000000000
21081  15.768  -78.667  9.705 0.0000000000
21131  4.849  -68.326  14.385 0.0000000000
21132  5.601  -68.697  13.508 0.0000000000
21133  5.312  -70.753  13.636 0.0000000000
21134  6.832  -69.505  13.247 0.0000000000
21140  11.726  -70.566  14.069 0.0000000000
21141  10.126  -71.480  14.477 0.0000000000
21142  11.804  -72.662  14.802 0.0000000000
21143  12.390  -74.808  14.735 0.0000000000
21144  13.499  -73.918  14.432 0.0000000000
21145  16.503  -75.063  11.564 0.0000000000
21146  15.821  -75.811  12.213 0.0000000000
21147  16.382  -76.291  10.524 0.0000000000
21148  16.210  -77.106  9.036 0.0000000000
21149  16.461  -76.284  8.599 0.0000000000
21150  15.629  -75.894  7.057 0.0000000000
21151  16.507  -75.465  8.226 0.0000000000
22501  8.118  -75.050  4.638 0.0000000000
22502  8.643  -76.580  3.824 0.0000000000
22503  6.771  -75.958  4.304 0.0000000000
22504  4.347  -76.336  2.036 0.0000000000
22505  4.756  -77.345  2.493 0.0000000000
22510  6.945  -74.589  1.160 0.0000000000
26250  11.861  -71.760  6.009 0.0000000000
27622  12.782  -79.794  13.065 0.0000000000
27623  13.397  -79.075  13.134 0.0000000000
27624  13.994  -78.292  13.071 0.0000000000
27662  14.681  -73.195  13.799 0.0000000000
27663  15.771  -72.480  13.016 0.0000000000
27664  16.745  -73.504  12.080 0.0000000000
27665  17.363  -74.254  10.596 0.0000000000
27666  17.255  -74.704  9.200 0.0000000000
28477  5.419  -73.478  5.314 0.0000000000
28478  5.442  -75.119  4.596 0.0000000000
28479  4.721  -74.155  4.344 0.0000000000
28480  4.400  -74.803  2.965 0.0000000000
28481  4.528  -75.467  1.352 0.0000000000
31244  5.882  -75.680  12.953 0.0000000000
31245  6.599  -74.836  13.539 0.0000000000
31909  6.049  -70.217  2.437 0.0000000000
31910  5.868  -71.691  2.371 0.0000000000
31911  7.072  -71.310  1.590 0.0000000000
35843  13.586  -76.344  4.772 0.0000000000
35844  12.413  -76.632  3.987 0.0000000000
35845  11.699  -75.401  4.345 0.0000000000
35846  9.819  -74.486  4.726 0.0000000000
35847  8.058  -73.685  5.335 0.0000000000
35848  9.881  -72.011  5.982 0.0000000000
35849  8.107  -72.346  5.923 0.0000000000
35850  6.654  -72.907  5.738 0.0000000000
35851  5.568  -71.943  5.840 0.0000000000
35852  4.917  -70.869  5.544 0.0000000000
35853  4.802  -69.879  4.782 0.0000000000
35861  4.979  -68.495  5.020 0.0000000000
35862  5.288  -69.242  3.650 0.0000000000
35863  6.280  -69.050  2.731 0.0000000000
38610  15.977  -79.717  6.450 0.0000000000
38611  15.741  -78.849  6.324 0.0000000000
38612  15.469  -77.994  6.186 0.0000000000
38669  3.234  -71.247  16.359 0.0000000000
38670  4.584  -68.547  15.750 0.0000000000
38671  3.764  -69.718  15.397 0.0000000000
38672  3.553  -71.441  14.881 0.0000000000
38673  4.262  -72.025  13.868 0.0000000000
38674  5.676  -72.775  13.599 0.0000000000
38675  7.514  -73.622  14.084 0.0000000000
38681  8.661  -68.466  12.543 0.0000000000
38682  8.448  -70.310  13.735 0.0000000000
38683  8.653  -72.495  14.464 0.0000000000
38684  9.435  -74.625  14.736 0.0000000000
38685  11.351  -75.698  14.852 0.0000000000
38686  13.127  -76.693  14.201 0.0000000000
38687  14.553  -77.447  12.881 0.0000000000
38688  14.856  -75.035  13.627 0.0000000000
38689  15.166  -76.620  12.623 0.0000000000
38690  15.503  -77.816  11.210 0.0000000000
38691  16.078  -77.863  9.386 0.0000000000
38692  15.941  -77.590  7.567 0.0000000000
38693  15.062  -76.967  5.969 0.0000000000
38694  14.648  -76.048  5.850 0.0000000000
38695  14.480  -74.978  5.902 0.0000000000
38696  14.610  -73.961  6.228 0.0000000000
38697  16.773  -74.565  7.787 0.0000000000
38698  15.894  -73.886  6.721 0.0000000000
40315  11.033  -77.261  3.375 0.0000000000
40316  9.412  -78.082  2.974 0.0000000000
40318  5.594  -76.720  3.665 0.0000000000
40324  5.773  -73.454  2.157 0.0000000000
40325  5.550  -74.980  1.185 0.0000000000
40326  5.240  -76.351  -0.151 0.0000000000
41138  14.629  -77.805  4.822 0.0000000000
41139  14.187  -78.020  4.101 0.0000000000
41140  13.884  -77.585  4.160 0.0000000000
43502  8.127  -76.157  13.886 0.0000000000
43503  8.657  -77.061  13.838 0.0000000000
43504  9.071  -76.591  14.165 0.0000000000
43505  10.018  -77.032  14.392 0.0000000000
43506  9.483  -76.110  14.475 0.0000000000
43981  4.797  -70.917  3.985 0.0000000000
43982  4.776  -71.831  3.859 0.0000000000
43983  5.039  -71.477  3.398 0.0000000000
45902  3.365  -73.854  15.686 0.0000000000
45903  3.429  -74.709  15.128 0.0000000000
45904  3.385  -74.034  14.969 0.0000000000
45905  3.568  -74.175  14.303 0.0000000000
45906  3.462  -73.283  14.770 0.0000000000
49508  13.074  -73.391  5.655 0.0000000000
49509  12.205  -73.368  5.303 0.0000000000
49510  12.302  -72.811  5.651 0.0000000000
49512  7.794  -69.964  6.677 0.0000000000
49514  6.264  -69.590  6.776 0.0000000000
51797  14.952  -79.028  11.509 0.0000000000
51798  15.270  -79.460  10.689 0.0000000000
51799  15.415  -79.091  10.662 0.0000000000
51800  15.772  -79.109  9.813 0.0000000000
51801  15.532  -78.717  10.581 0.0000000000
51850  6.872  -67.379  13.142 0.0000000000
51851  5.942  -67.842  13.481 0.0000000000
51852  6.444  -68.157  13.182 0.0000000000
51853  6.162  -69.057  13.330 0.0000000000
51854  7.030  -68.526  12.976 0.0000000000
51858  13.175  -70.930  13.913 0.0000000000
51859  12.456  -70.246  13.754 0.0000000000
51860  12.480  -71.260  14.247 0.0000000000
51861  11.740  -71.642  14.519 0.0000000000
51862  12.549  -72.316  14.597 0.0000000000
51863  12.693  -73.320  14.685 0.0000000000
51864  13.380  -72.976  14.435 0.0000000000
51865  16.704  -75.357  10.774 0.0000000000
51866  16.383  -75.735  11.151 0.0000000000
51867  16.578  -75.924  10.208 0.0000000000
51868  16.501  -76.376  9.555 0.0000000000
51869  16.605  -75.964  9.281 0.0000000000
51870  16.485  -75.895  8.421 0.0000000000
51871  16.719  -75.581  9.076 0.0000000000
53221  7.317  -74.684  4.954 0.0000000000
53222  7.419  -75.516  4.506 0.0000000000
53223  6.661  -75.132  4.784 0.0000000000
53224  4.347  -76.606  1.213 0.0000000000
54296  13.002  -78.662  3.015 0.0000000000
61390  9.814  -78.739  13.607 0.0000000000
61396  11.848  -79.482  13.444 0.0000000000
61397  11.943  -77.978  14.266 0.0000000000
61398  12.524  -78.773  13.759 0.0000000000
61399  12.859  -78.368  13.762 0.0000000000
61400  13.689  -78.684  13.109 0.0000000000
61401  13.213  -77.983  13.720 0.0000000000
61468  17.098  -73.883  11.387 0.0000000000
62821  5.101  -72.958  5.258 0.0000000000
62822  5.031  -73.809  4.900 0.0000000000
62823  4.760  -73.335  4.800 0.0000000000
62824  4.635  -73.571  3.225 0.0000000000
62825  4.530  -73.974  3.497 0.0000000000
62826  4.537  -74.332  2.730 0.0000000000
62827  4.439  -75.147  2.145 0.0000000000
62828  4.629  -74.725  1.906 0.0000000000
68590  3.660  -76.413  14.036 0.0000000000
68596  4.273  -76.434  12.598 0.0000000000
68597  4.517  -74.486  13.313 0.0000000000
68598  4.970  -75.268  12.927 0.0000000000
68599  5.332  -74.795  13.101 0.0000000000
68600  6.251  -75.304  13.234 0.0000000000
68601  5.669  -74.393  13.274 0.0000000000
70021  6.563  -70.051  1.995 0.0000000000
70022  6.514  -70.713  1.927 0.0000000000
70023  7.049  -70.563  1.467 0.0000000000
79403  13.299  -75.803  4.821 0.0000000000
79404  12.647  -75.908  4.490 0.0000000000
79405  12.431  -75.289  4.587 0.0000000000
79406  10.578  -73.668  5.078 0.0000000000
79407  10.567  -74.285  4.706 0.0000000000
79408  9.705  -73.866  5.018 0.0000000000
79409  8.892  -74.078  5.004 0.0000000000
79410  8.844  -73.446  5.358 0.0000000000
79411  11.153  -71.220  6.188 0.0000000000
79412  10.906  -71.801  5.964 0.0000000000
79413  10.124  -71.350  6.199 0.0000000000
79414  7.550  -71.273  6.371 0.0000000000
79415  8.245  -71.714  6.184 0.0000000000
79416  7.373  -71.973  6.130 0.0000000000
79417  7.314  -72.650  5.875 0.0000000000
79418  6.663  -72.207  6.003 0.0000000000
79419  6.072  -72.432  5.815 0.0000000000
79420  6.072  -71.709  6.094 0.0000000000
79421  5.241  -69.948  6.223 0.0000000000
79422  5.229  -70.668  5.983 0.0000000000
79423  4.936  -70.141  5.822 0.0000000000
79424  4.797  -70.352  5.217 0.0000000000
79425  4.832  -69.623  5.398 0.0000000000
79446  5.234  -68.203  4.432 0.0000000000
79447  5.087  -68.777  4.316 0.0000000000
79448  5.465  -68.596  3.778 0.0000000000
79449  5.759  -69.095  3.157 0.0000000000
86275  15.767  -80.137  9.165 0.0000000000
86281  16.144  -79.946  7.332 0.0000000000
86282  16.070  -78.804  7.951 0.0000000000
86283  16.023  -79.051  7.172 0.0000000000
86284  15.923  -78.651  7.066 0.0000000000
86285  15.602  -78.403  6.196 0.0000000000
86286  15.812  -78.258  6.997 0.0000000000
86433  4.402  -69.065  14.233 0.0000000000
86434  4.234  -68.990  14.848 0.0000000000
86435  3.956  -69.789  14.715 0.0000000000
86436  3.592  -70.517  15.143 0.0000000000
86437  3.865  -70.694  14.540 0.0000000000
86438  3.875  -71.678  14.309 0.0000000000
86439  4.219  -70.959  14.059 0.0000000000
86440  6.037  -71.161  13.686 0.0000000000
86441  5.420  -71.777  13.632 0.0000000000
86442  6.235  -72.198  13.728 0.0000000000
86443  6.551  -73.245  13.725 0.0000000000
86444  7.124  -72.655  13.978 0.0000000000
86456  10.995  -69.051  13.053 0.0000000000
86460  9.395  -68.909  12.875 0.0000000000
86461  8.519  -69.332  13.146 0.0000000000
86462  9.333  -69.817  13.533 0.0000000000
86463  10.269  -72.589  14.779 0.0000000000
86464  9.373  -72.020  14.560 0.0000000000
86465  9.602  -73.074  14.757 0.0000000000
86466  8.983  -73.542  14.648 0.0000000000
86467  9.958  -74.118  14.892 0.0000000000
86468  10.399  -75.165  14.855 0.0000000000
86469  10.904  -74.689  14.935 0.0000000000
86470  13.213  -75.367  14.420 0.0000000000
86471  12.746  -75.797  14.528 0.0000000000
86472  13.566  -76.300  14.142 0.0000000000
86473  13.898  -77.106  13.597 0.0000000000
86474  14.247  -76.692  13.483 0.0000000000
86475  15.274  -73.721  13.452 0.0000000000
86476  14.761  -74.120  13.810 0.0000000000
86477  15.289  -74.635  13.339 0.0000000000
86478  15.897  -76.485  11.689 0.0000000000
86479  15.515  -76.195  12.453 0.0000000000
86480  15.599  -76.889  11.867 0.0000000000
86481  15.325  -77.289  11.997 0.0000000000
86482  15.751  -77.443  11.022 0.0000000000
86483  15.839  -77.886  10.269 0.0000000000
86484  16.026  -77.503  10.099 0.0000000000
86485  16.079  -76.949  8.150 0.0000000000
86486  16.070  -77.362  8.300 0.0000000000
86487  15.855  -77.155  7.437 0.0000000000
86488  15.656  -77.331  6.704 0.0000000000
86489  15.454  -76.877  6.623 0.0000000000
86490  14.842  -76.539  5.899 0.0000000000
86491  15.271  -76.452  6.497 0.0000000000
86492  15.606  -75.434  6.985 0.0000000000
86493  15.121  -75.480  6.389 0.0000000000
86494  15.074  -74.971  6.396 0.0000000000
86495  14.511  -74.450  6.049 0.0000000000
86496  15.099  -74.463  6.428 0.0000000000
86498  17.091  -74.711  8.504 0.0000000000
86503  15.387  -73.412  6.406 0.0000000000
90541  11.230  -76.200  3.876 0.0000000000
90542  11.727  -76.900  3.611 0.0000000000
90543  10.497  -76.564  3.670 0.0000000000
90544  7.821  -77.058  3.580 0.0000000000
90545  9.002  -77.377  3.334 0.0000000000
90546  8.097  -77.823  3.104 0.0000000000
90548  7.312  -78.330  2.864 0.0000000000
90549  5.021  -75.463  4.085 0.0000000000
90550  5.510  -75.883  4.145 0.0000000000
90551  5.082  -76.250  3.635 0.0000000000
90553  5.170  -77.897  2.581 0.0000000000
90564  6.393  -72.297  2.075 0.0000000000
90565  5.813  -72.534  2.384 0.0000000000
90566  6.380  -73.148  2.034 0.0000000000
90567  6.848  -75.367  0.653 0.0000000000
90568  6.212  -74.762  1.194 0.0000000000
90569  6.089  -75.508  0.596 0.0000000000
90570  5.329  -75.689  0.528 0.0000000000
90571  5.903  -76.188  -0.159 0.0000000000
92480  15.049  -78.690  4.846 0.0000000000
92481  14.711  -78.968  4.075 0.0000000000
92482  14.450  -78.477  4.074 0.0000000000
92483  13.620  -78.310  3.491 0.0000000000
92484  12.648  -78.172  3.131 0.0000000000
96736  7.355  -77.056  13.069 0.0000000000
96737  7.972  -77.839  13.067 0.0000000000
96738  8.293  -77.484  13.468 0.0000000000
96739  9.210  -77.932  13.757 0.0000000000
96740  10.167  -78.350  13.947 0.0000000000
96741  11.166  -78.739  13.928 0.0000000000
96742  10.529  -77.936  14.259 0.0000000000
96743  10.978  -77.516  14.514 0.0000000000
96744  11.378  -77.092  14.586 0.0000000000
97597  4.733  -71.923  4.806 0.0000000000
97598  4.635  -72.811  4.533 0.0000000000
97599  4.666  -72.305  4.206 0.0000000000
97600  4.718  -72.719  3.566 0.0000000000
97601  4.862  -73.191  2.919 0.0000000000
101056  3.768  -75.254  16.132 0.0000000000
101057  3.903  -76.097  15.648 0.0000000000
101058  3.579  -75.432  15.439 0.0000000000
101059  3.529  -75.563  14.668 0.0000000000
101060  3.596  -75.641  13.886 0.0000000000
101061  3.941  -75.749  13.166 0.0000000000
101062  3.741  -74.980  13.774 0.0000000000
101063  3.943  -74.298  13.715 0.0000000000
101064  4.201  -73.680  13.683 0.0000000000
107546  12.990  -74.558  5.026 0.0000000000
107547  12.281  -74.644  4.797 0.0000000000
107548  12.203  -73.994  5.029 0.0000000000
107549  11.387  -73.488  5.121 0.0000000000
107550  10.584  -73.033  5.407 0.0000000000
107551  9.517  -70.317  6.454 0.0000000000
107552  9.355  -70.882  6.373 0.0000000000
107553  8.514  -70.434  6.551 0.0000000000
107554  7.672  -70.609  6.541 0.0000000000
107555  6.854  -70.797  6.480 0.0000000000
107556  6.103  -71.013  6.344 0.0000000000
107557  6.131  -70.280  6.574 0.0000000000
107558  5.688  -69.759  6.530 0.0000000000
107559  5.314  -69.197  6.365 0.0000000000
111667  14.590  -79.783  11.566 0.0000000000
111668  15.002  -80.243  10.802 0.0000000000
111669  15.132  -79.840  10.749 0.0000000000
111670  15.543  -79.822  9.954 0.0000000000
111671  15.860  -79.765  9.168 0.0000000000
111672  16.008  -79.648  8.263 0.0000000000
111673  15.895  -79.373  9.050 0.0000000000
111674  15.954  -78.957  8.896 0.0000000000
111675  15.996  -78.569  8.776 0.0000000000
111765  5.064  -68.394  13.791 0.0000000000
111766  4.858  -69.315  13.826 0.0000000000
111767  4.728  -70.314  13.814 0.0000000000
111768  5.387  -69.671  13.597 0.0000000000
111769  6.012  -70.103  13.482 0.0000000000
111770  6.821  -70.520  13.612 0.0000000000
111779  11.723  -69.611  13.470 0.0000000000
111780  10.928  -69.992  13.762 0.0000000000
111781  10.132  -70.400  13.983 0.0000000000
111782  10.950  -71.050  14.344 0.0000000000
111783  10.985  -72.088  14.701 0.0000000000
111784  11.166  -73.166  14.950 0.0000000000
111785  11.479  -74.215  14.955 0.0000000000
111786  12.057  -73.738  14.873 0.0000000000
111787  12.902  -74.344  14.637 0.0000000000
111788  13.681  -74.906  14.301 0.0000000000
111789  16.186  -74.676  12.316 0.0000000000
111790  15.762  -75.079  12.658 0.0000000000
111791  16.150  -75.442  11.934 0.0000000000
111792  16.146  -76.040  11.441 0.0000000000
111793  16.168  -76.628  10.761 0.0000000000
111794  16.137  -77.091  9.981 0.0000000000
111795  16.326  -76.739  9.812 0.0000000000
111796  16.368  -76.695  8.832 0.0000000000
111797  16.099  -76.547  7.986 0.0000000000
111798  15.678  -76.328  7.171 0.0000000000
111799  16.056  -76.163  7.788 0.0000000000
111800  16.075  -75.741  7.672 0.0000000000
111801  16.092  -75.262  7.514 0.0000000000
114229  9.137  -75.407  4.351 0.0000000000
114230  9.397  -76.184  3.937 0.0000000000
114231  8.387  -75.872  4.227 0.0000000000
114232  7.622  -76.280  4.054 0.0000000000
114233  6.934  -76.723  3.848 0.0000000000
114234  4.438  -76.104  2.744 0.0000000000
114235  4.738  -76.578  3.033 0.0000000000
114236  4.487  -76.883  2.289 0.0000000000
114244  7.011  -73.792  1.540 0.0000000000
117642  4.111  -75.095  16.884 0.0000000000
117643  3.673  -74.449  16.683 0.0000000000
117644  3.410  -73.735  16.465 0.0000000000
117645  3.293  -72.979  16.249 0.0000000000
122688  12.547  -72.298  5.965 0.0000000000
125892  13.699  -80.053  12.343 0.0000000000
125893  12.149  -79.114  13.650 0.0000000000
125894  13.101  -79.455  13.126 0.0000000000
125895  13.921  -79.659  12.370 0.0000000000
125896  14.128  -79.257  12.389 0.0000000000
125897  14.407  -78.916  12.354 0.0000000000
125898  14.627  -78.534  12.346 0.0000000000
125983  13.884  -71.619  13.907 0.0000000000
125984  13.992  -72.628  14.090 0.0000000000
125985  14.589  -72.280  13.681 0.0000000000
125986  15.224  -72.847  13.416 0.0000000000
125987  15.761  -73.375  13.046 0.0000000000
125989  16.264  -73.012  12.643 0.0000000000
125990  16.226  -73.858  12.574 0.0000000000
125991  16.610  -74.308  11.878 0.0000000000
125992  16.905  -74.641  11.125 0.0000000000
125993  17.041  -74.920  10.359 0.0000000000
125994  16.996  -75.111  9.572 0.0000000000
125995  17.391  -74.554  9.909 0.0000000000
127885  6.014  -73.875  5.310 0.0000000000
127886  6.008  -74.726  4.937 0.0000000000
127887  5.450  -74.196  5.011 0.0000000000
127888  5.027  -74.629  4.519 0.0000000000
127889  4.694  -75.003  3.975 0.0000000000
127890  4.557  -73.637  4.179 0.0000000000
127891  4.491  -74.475  3.721 0.0000000000
127892  4.438  -75.285  3.231 0.0000000000
127893  4.386  -75.610  2.413 0.0000000000
127894  4.381  -75.874  1.695 0.0000000000
127895  4.467  -76.186  0.890 0.0000000000
135274  4.592  -75.837  12.743 0.0000000000
135275  5.514  -76.127  12.653 0.0000000000
135276  6.452  -76.563  12.787 0.0000000000
135277  6.809  -76.181  13.162 0.0000000000
135278  7.180  -75.752  13.532 0.0000000000
135279  7.545  -75.259  13.869 0.0000000000
137077  5.561  -70.357  2.945 0.0000000000
137078  5.420  -71.165  2.869 0.0000000000
137079  5.961  -70.940  2.368 0.0000000000
137080  6.446  -71.497  1.993 0.0000000000
137081  7.069  -72.126  1.735 0.0000000000
148517  13.939  -76.864  4.758 0.0000000000
148518  13.438  -77.013  4.229 0.0000000000
148519  13.097  -76.477  4.375 0.0000000000
148520  11.987  -76.020  4.165 0.0000000000
148521  10.919  -75.529  4.117 0.0000000000
148522  11.529  -74.776  4.572 0.0000000000
148523  10.767  -74.943  4.409 0.0000000000
148524  9.976  -75.119  4.423 0.0000000000
148525  8.968  -74.737  4.711 0.0000000000
148526  8.059  -74.347  4.989 0.0000000000
148527  7.281  -73.999  5.258 0.0000000000
148528  11.613  -72.289  5.786 0.0000000000
148529  10.664  -72.403  5.691 0.0000000000
148530  9.716  -72.601  5.724 0.0000000000
148531  9.148  -71.535  6.205 0.0000000000
148532  8.970  -72.178  5.968 0.0000000000
148533  8.865  -72.794  5.690 0.0000000000
148534  8.065  -73.011  5.649 0.0000000000
148535  7.322  -73.345  5.581 0.0000000000
148536  6.632  -73.601  5.469 0.0000000000
148537  6.020  -73.142  5.580 0.0000000000
148538  5.547  -72.659  5.632 0.0000000000
148539  5.180  -72.178  5.509 0.0000000000
148540  5.609  -71.207  6.084 0.0000000000
148541  5.213  -71.415  5.735 0.0000000000
148542  4.935  -71.643  5.332 0.0000000000
148543  4.771  -71.118  5.000 0.0000000000
148544  4.753  -70.610  4.583 0.0000000000
148545  4.856  -70.187  4.113 0.0000000000
148569  4.890  -68.899  5.498 0.0000000000
148570  4.868  -69.150  4.848 0.0000000000
148571  4.954  -69.465  4.203 0.0000000000
148572  5.197  -69.906  3.556 0.0000000000
148573  5.599  -69.734  3.031 0.0000000000
148574  6.141  -69.638  2.578 0.0000000000
148575  6.642  -69.504  2.110 0.0000000000
148577  6.818  -68.961  2.305 0.0000000000
148578  7.135  -69.406  1.679 0.0000000000
156788  15.662  -79.475  5.608 0.0000000000
156789  16.023  -79.496  7.350 0.0000000000
156790  15.838  -79.288  6.403 0.0000000000
156791  15.512  -79.022  5.612 0.0000000000
156792  15.341  -78.552  5.518 0.0000000000
156793  15.163  -78.113  5.472 0.0000000000
156794  14.964  -77.683  5.457 0.0000000000
156965  3.253  -72.077  15.930 0.0000000000
156968  4.004  -69.148  16.351 0.0000000000
156969  4.687  -68.388  15.014 0.0000000000
156970  4.084  -69.045  15.580 0.0000000000
156971  3.656  -69.732  16.145 0.0000000000
156972  3.423  -70.406  15.863 0.0000000000
156973  3.347  -71.256  15.548 0.0000000000
156974  3.374  -72.186  15.187 0.0000000000
156975  3.633  -72.425  14.545 0.0000000000
156976  3.992  -72.732  13.987 0.0000000000
156977  4.526  -73.012  13.672 0.0000000000
156978  4.718  -71.391  13.757 0.0000000000
156979  4.880  -72.363  13.646 0.0000000000
156980  5.216  -73.368  13.513 0.0000000000
156981  6.055  -73.798  13.570 0.0000000000
156982  7.030  -74.217  13.823 0.0000000000
156983  7.994  -74.629  14.163 0.0000000000
157001  7.992  -68.053  12.527 0.0000000000
157002  7.738  -68.962  12.910 0.0000000000
157003  7.638  -69.875  13.416 0.0000000000
157004  7.647  -70.954  13.830 0.0000000000
157005  9.321  -70.864  14.144 0.0000000000
157006  8.496  -71.438  14.203 0.0000000000
157007  7.759  -72.078  14.104 0.0000000000
157008  8.046  -73.073  14.329 0.0000000000
157009  8.461  -74.116  14.460 0.0000000000
157010  8.960  -75.143  14.513 0.0000000000
157011  9.952  -75.617  14.651 0.0000000000
157012  10.896  -76.123  14.727 0.0000000000
157013  11.839  -76.648  14.646 0.0000000000
157014  11.840  -75.237  14.840 0.0000000000
157015  12.285  -76.210  14.641 0.0000000000
157016  12.773  -77.150  14.237 0.0000000000
157017  13.552  -77.526  13.681 0.0000000000
157018  14.244  -77.848  13.042 0.0000000000
157019  14.854  -78.109  12.269 0.0000000000
157020  14.097  -73.567  14.168 0.0000000000
157021  14.203  -74.486  14.082 0.0000000000
157022  14.364  -75.437  13.858 0.0000000000
157023  15.400  -75.444  12.946 0.0000000000
157024  15.003  -75.854  13.173 0.0000000000
157025  14.601  -76.272  13.348 0.0000000000
157026  14.840  -77.022  12.762 0.0000000000
157027  15.089  -77.714  12.116 0.0000000000
157028  15.320  -78.238  11.342 0.0000000000
157029  15.659  -78.277  10.433 0.0000000000
157030  15.879  -78.253  9.557 0.0000000000
157031  16.018  -78.153  8.649 0.0000000000
157032  16.093  -77.469  9.187 0.0000000000
157033  16.049  -77.757  8.477 0.0000000000
157034  15.942  -78.006  7.754 0.0000000000
157035  15.766  -77.788  6.873 0.0000000000
157036  15.303  -77.485  6.076 0.0000000000
157037  14.661  -77.141  5.372 0.0000000000
157038  14.368  -76.659  5.302 0.0000000000
157039  14.111  -76.199  5.304 0.0000000000
157040  13.896  -75.630  5.309 0.0000000000
157041  15.208  -75.970  6.392 0.0000000000
157042  14.520  -75.505  5.841 0.0000000000
157043  13.794  -75.045  5.383 0.0000000000
157044  13.794  -74.461  5.568 0.0000000000
157045  13.862  -73.919  5.828 0.0000000000
157046  13.968  -73.445  6.070 0.0000000000
157047  16.807  -75.145  8.790 0.0000000000
157048  16.571  -75.016  7.981 0.0000000000
157049  16.156  -74.774  7.379 0.0000000000
157051  16.327  -74.283  7.208 0.0000000000
157052  15.661  -74.417  6.880 0.0000000000
157053  15.210  -73.960  6.475 0.0000000000
157054  14.728  -73.452  6.294 0.0000000000
161899  12.859  -77.256  3.757 0.0000000000
161900  12.238  -77.527  3.364 0.0000000000
161901  11.513  -77.943  3.115 0.0000000000
161902  9.794  -76.944  3.529 0.0000000000
161903  10.272  -77.658  3.193 0.0000000000
161904  10.671  -78.364  2.874 0.0000000000
161908  6.061  -75.549  4.512 0.0000000000
161909  6.163  -76.351  4.056 0.0000000000
161910  6.224  -77.168  3.539 0.0000000000
161911  5.117  -77.042  3.138 0.0000000000
161912  5.630  -77.564  3.180 0.0000000000
161913  6.346  -77.993  3.017 0.0000000000
161926  5.387  -71.964  2.829 0.0000000000
161927  5.313  -72.862  2.675 0.0000000000
161928  5.214  -73.709  2.317 0.0000000000
161929  6.327  -74.035  1.616 0.0000000000
161930  5.648  -74.201  1.720 0.0000000000
161931  5.082  -74.433  1.792 0.0000000000
161932  4.936  -75.203  1.203 0.0000000000
161933  4.815  -75.900  0.615 0.0000000000
