#!ascii label  , from subject fsaverage vox2ras=TkReg coords=white
471
625  -17.268  -73.689  2.293 0.0000000000
1396  -18.249  -75.214  8.560 0.0000000000
1397  -21.346  -74.542  4.392 0.0000000000
2349  -14.422  -71.785  10.254 0.0000000000
2351  -10.206  -68.202  8.857 0.0000000000
2513  -9.183  -70.888  3.190 0.0000000000
3316  -16.530  -76.745  9.904 0.0000000000
3317  -18.139  -76.864  7.029 0.0000000000
5232  -7.418  -69.588  10.030 0.0000000000
5233  -10.018  -71.414  11.089 0.0000000000
5629  -19.965  -74.567  2.787 0.0000000000
5631  -20.179  -72.171  1.676 0.0000000000
5633  -16.879  -71.187  1.559 0.0000000000
5638  -6.656  -72.706  4.219 0.0000000000
5639  -5.958  -69.749  3.707 0.0000000000
5640  -8.533  -68.042  3.235 0.0000000000
5641  -6.339  -67.179  2.634 0.0000000000
7122  -19.994  -75.302  6.283 0.0000000000
7123  -19.232  -76.357  4.620 0.0000000000
7124  -17.379  -75.998  3.292 0.0000000000
9602  -16.526  -73.668  10.170 0.0000000000
9603  -14.817  -75.085  11.569 0.0000000000
9610  -12.280  -70.225  9.384 0.0000000000
9611  -12.401  -73.107  11.975 0.0000000000
10092  -14.236  -74.883  3.063 0.0000000000
10094  -10.410  -73.695  3.130 0.0000000000
10095  -13.193  -72.410  2.435 0.0000000000
10096  -12.362  -69.661  2.311 0.0000000000
10996  -15.765  -77.639  10.360 0.0000000000
12911  -6.520  -68.890  10.595 0.0000000000
12912  -5.962  -70.525  10.778 0.0000000000
12913  -7.343  -71.400  11.078 0.0000000000
13309  -18.792  -74.157  2.344 0.0000000000
13310  -20.051  -73.434  2.177 0.0000000000
13311  -18.744  -73.002  1.899 0.0000000000
13312  -18.677  -71.758  1.500 0.0000000000
13313  -17.113  -72.477  1.886 0.0000000000
13318  -5.056  -70.729  3.671 0.0000000000
13319  -5.191  -69.431  2.940 0.0000000000
13320  -5.937  -68.317  3.154 0.0000000000
15706  -19.126  -74.437  8.007 0.0000000000
15707  -20.024  -74.505  6.995 0.0000000000
15708  -19.163  -75.360  7.329 0.0000000000
15710  -18.790  -76.695  5.801 0.0000000000
15711  -18.065  -77.066  4.890 0.0000000000
15712  -18.440  -76.292  3.764 0.0000000000
15713  -17.187  -76.944  4.139 0.0000000000
21437  -15.296  -71.141  9.457 0.0000000000
21438  -16.317  -71.992  9.694 0.0000000000
21439  -15.463  -72.650  10.437 0.0000000000
21440  -15.690  -74.296  10.924 0.0000000000
21441  -14.645  -73.313  11.246 0.0000000000
21459  -11.171  -69.215  8.817 0.0000000000
21460  -10.112  -73.087  12.266 0.0000000000
21461  -11.205  -72.279  11.541 0.0000000000
21462  -11.367  -73.994  12.676 0.0000000000
21463  -12.731  -75.006  12.667 0.0000000000
22665  -14.533  -75.986  3.439 0.0000000000
22666  -13.048  -75.495  3.248 0.0000000000
22670  -7.809  -71.698  3.741 0.0000000000
22671  -8.470  -73.192  3.690 0.0000000000
22672  -9.730  -72.323  3.072 0.0000000000
22673  -11.769  -72.951  2.721 0.0000000000
22674  -11.159  -71.592  2.658 0.0000000000
22675  -12.705  -71.009  2.332 0.0000000000
22676  -10.652  -70.227  2.741 0.0000000000
22677  -8.615  -67.003  3.067 0.0000000000
24400  -17.357  -75.960  9.246 0.0000000000
24401  -18.265  -76.149  7.859 0.0000000000
24402  -17.353  -76.948  8.503 0.0000000000
27840  -14.416  -70.519  8.916 0.0000000000
27849  -8.045  -68.081  10.110 0.0000000000
27850  -8.802  -68.820  9.374 0.0000000000
27851  -9.985  -69.829  9.753 0.0000000000
27852  -8.699  -70.536  10.506 0.0000000000
27853  -8.764  -72.199  11.676 0.0000000000
28563  -20.835  -74.706  3.457 0.0000000000
28564  -21.958  -73.640  3.501 0.0000000000
28565  -21.119  -73.710  2.701 0.0000000000
28566  -21.361  -72.490  2.099 0.0000000000
28579  -5.209  -72.275  4.228 0.0000000000
28580  -6.061  -71.135  4.110 0.0000000000
28581  -7.410  -70.224  3.708 0.0000000000
28582  -8.758  -69.357  3.270 0.0000000000
28583  -7.016  -68.746  3.490 0.0000000000
28584  -7.090  -67.471  3.173 0.0000000000
28585  -7.531  -66.490  2.834 0.0000000000
31975  -20.867  -74.433  6.105 0.0000000000
31976  -20.729  -75.041  5.346 0.0000000000
31977  -19.071  -76.096  6.638 0.0000000000
31978  -19.754  -75.923  5.525 0.0000000000
31979  -20.366  -75.468  4.490 0.0000000000
31980  -19.711  -75.587  3.573 0.0000000000
31981  -18.669  -75.313  2.949 0.0000000000
31982  -17.327  -74.867  2.769 0.0000000000
39039  -18.348  -73.754  8.866 0.0000000000
39041  -17.345  -72.900  9.459 0.0000000000
39042  -17.495  -74.516  9.516 0.0000000000
39043  -16.632  -75.279  10.237 0.0000000000
39044  -15.741  -76.007  10.888 0.0000000000
39045  -14.982  -76.884  11.374 0.0000000000
39066  -13.325  -70.976  9.938 0.0000000000
39067  -11.126  -70.715  10.316 0.0000000000
39068  -12.318  -71.560  10.767 0.0000000000
39069  -13.473  -72.383  11.166 0.0000000000
39070  -13.677  -74.061  12.056 0.0000000000
39071  -13.973  -76.012  12.136 0.0000000000
40510  -15.947  -76.524  3.715 0.0000000000
40511  -15.909  -75.453  3.134 0.0000000000
40512  -15.659  -74.381  2.715 0.0000000000
40517  -9.227  -74.626  3.525 0.0000000000
40518  -11.147  -75.056  3.265 0.0000000000
40519  -12.409  -74.277  2.929 0.0000000000
40520  -13.723  -73.692  2.642 0.0000000000
40521  -15.298  -73.142  2.346 0.0000000000
40522  -14.924  -71.824  2.062 0.0000000000
40523  -14.611  -70.465  1.824 0.0000000000
40525  -10.319  -68.801  2.870 0.0000000000
43631  -5.396  -70.133  10.963 0.0000000000
44029  -18.067  -73.940  2.290 0.0000000000
44030  -18.767  -73.584  2.108 0.0000000000
44031  -18.026  -73.374  2.054 0.0000000000
44032  -17.974  -72.743  1.869 0.0000000000
44033  -17.178  -73.073  2.080 0.0000000000
46426  -18.728  -74.876  8.243 0.0000000000
46427  -19.154  -74.926  7.671 0.0000000000
46428  -18.751  -75.337  7.875 0.0000000000
46430  -17.918  -77.309  5.526 0.0000000000
46431  -17.494  -77.388  5.116 0.0000000000
46432  -17.640  -77.074  4.504 0.0000000000
46433  -17.044  -77.351  4.703 0.0000000000
52157  -14.863  -71.441  9.827 0.0000000000
52158  -15.376  -71.861  9.986 0.0000000000
52159  -14.915  -72.181  10.414 0.0000000000
52160  -15.038  -72.992  10.867 0.0000000000
52161  -14.477  -72.479  10.855 0.0000000000
52179  -10.601  -68.694  8.648 0.0000000000
52180  -10.231  -74.046  12.764 0.0000000000
52181  -10.758  -73.542  12.481 0.0000000000
52182  -10.886  -74.489  12.925 0.0000000000
52183  -11.572  -74.995  12.950 0.0000000000
53385  -13.227  -76.053  3.470 0.0000000000
53386  -12.398  -75.844  3.419 0.0000000000
53390  -8.472  -71.288  3.458 0.0000000000
53391  -8.757  -72.012  3.419 0.0000000000
53392  -9.452  -71.607  3.134 0.0000000000
53393  -10.466  -71.939  2.840 0.0000000000
53394  -10.195  -71.224  2.890 0.0000000000
53395  -10.882  -70.903  2.691 0.0000000000
53396  -9.938  -70.524  2.953 0.0000000000
56026  -16.936  -76.383  9.573 0.0000000000
56027  -17.365  -76.492  8.895 0.0000000000
56028  -16.949  -76.899  9.222 0.0000000000
61773  -6.828  -69.147  10.014 0.0000000000
61774  -7.282  -68.464  10.300 0.0000000000
61775  -7.542  -68.693  9.668 0.0000000000
61776  -8.320  -68.315  9.498 0.0000000000
61777  -8.113  -69.176  9.658 0.0000000000
61778  -8.710  -69.730  9.821 0.0000000000
61779  -8.044  -70.036  10.162 0.0000000000
61781  -8.047  -71.773  11.389 0.0000000000
62964  -20.430  -74.683  3.101 0.0000000000
62965  -21.002  -74.224  3.119 0.0000000000
62966  -20.542  -74.172  2.749 0.0000000000
62967  -20.103  -72.800  1.921 0.0000000000
62968  -20.645  -72.971  2.115 0.0000000000
62969  -20.766  -72.328  1.842 0.0000000000
62971  -20.858  -71.731  1.647 0.0000000000
62973  -20.230  -71.567  1.488 0.0000000000
62974  -17.851  -71.487  1.509 0.0000000000
62975  -18.663  -71.116  1.364 0.0000000000
62976  -17.817  -70.835  1.355 0.0000000000
62978  -16.786  -70.533  1.401 0.0000000000
62988  -4.854  -72.904  4.152 0.0000000000
62989  -4.658  -72.057  3.984 0.0000000000
62990  -5.454  -70.234  3.623 0.0000000000
62991  -5.492  -70.915  3.974 0.0000000000
62992  -6.004  -70.426  3.867 0.0000000000
62993  -6.710  -70.650  3.918 0.0000000000
62994  -6.643  -69.926  3.795 0.0000000000
62995  -7.192  -69.473  3.664 0.0000000000
62996  -6.406  -69.217  3.599 0.0000000000
62997  -6.119  -67.730  2.862 0.0000000000
62998  -6.428  -67.850  3.198 0.0000000000
62999  -6.635  -67.292  2.950 0.0000000000
63000  -7.288  -66.952  3.004 0.0000000000
63001  -6.884  -66.774  2.751 0.0000000000
70159  -20.026  -74.936  6.643 0.0000000000
70160  -20.477  -74.468  6.530 0.0000000000
70161  -20.423  -74.872  6.191 0.0000000000
70162  -20.816  -74.749  5.747 0.0000000000
70163  -20.374  -75.194  5.817 0.0000000000
70164  -18.227  -76.516  7.468 0.0000000000
70165  -18.673  -76.164  7.228 0.0000000000
70166  -18.592  -76.497  6.840 0.0000000000
70167  -18.996  -76.570  5.237 0.0000000000
70168  -19.301  -76.338  5.653 0.0000000000
70169  -19.523  -76.185  5.070 0.0000000000
70170  -20.059  -75.735  5.009 0.0000000000
70171  -19.812  -75.947  4.543 0.0000000000
70172  -20.069  -75.575  4.022 0.0000000000
70173  -19.476  -75.998  4.075 0.0000000000
70174  -17.941  -76.158  3.471 0.0000000000
70175  -18.614  -75.819  3.285 0.0000000000
70176  -18.015  -75.641  3.115 0.0000000000
70177  -18.011  -75.101  2.830 0.0000000000
70178  -17.364  -75.405  3.032 0.0000000000
87355  -16.447  -72.798  10.063 0.0000000000
87356  -16.835  -72.433  9.654 0.0000000000
87357  -16.942  -73.278  9.809 0.0000000000
87358  -17.448  -73.734  9.515 0.0000000000
87359  -17.012  -74.096  9.861 0.0000000000
87360  -17.071  -74.881  9.882 0.0000000000
87361  -16.611  -74.498  10.241 0.0000000000
87362  -15.223  -74.672  11.266 0.0000000000
87363  -15.716  -75.170  10.959 0.0000000000
87364  -15.291  -75.576  11.277 0.0000000000
87365  -15.344  -76.438  11.143 0.0000000000
87366  -14.895  -76.023  11.551 0.0000000000
87415  -12.360  -69.516  8.523 0.0000000000
87417  -12.876  -69.930  8.839 0.0000000000
87418  -13.367  -70.356  9.142 0.0000000000
87419  -12.822  -70.596  9.648 0.0000000000
87420  -9.993  -70.616  10.442 0.0000000000
87421  -10.567  -70.271  10.024 0.0000000000
87422  -10.552  -71.027  10.705 0.0000000000
87423  -11.773  -72.678  11.768 0.0000000000
87424  -11.739  -71.886  11.155 0.0000000000
87425  -12.290  -72.278  11.401 0.0000000000
87426  -12.914  -71.973  11.002 0.0000000000
87427  -12.938  -72.717  11.579 0.0000000000
87428  -13.550  -73.142  11.683 0.0000000000
87429  -13.036  -73.574  12.053 0.0000000000
87430  -12.925  -75.978  12.715 0.0000000000
87431  -13.355  -75.492  12.446 0.0000000000
87432  -13.560  -76.432  12.421 0.0000000000
87433  -14.156  -76.939  12.042 0.0000000000
91030  -15.986  -77.008  4.060 0.0000000000
91031  -15.340  -76.778  3.874 0.0000000000
91032  -14.457  -75.466  3.226 0.0000000000
91033  -15.245  -75.761  3.292 0.0000000000
91034  -15.094  -75.196  3.053 0.0000000000
91035  -15.853  -74.933  2.947 0.0000000000
91036  -14.933  -74.643  2.882 0.0000000000
91045  -6.184  -73.277  4.344 0.0000000000
91047  -6.990  -73.494  4.169 0.0000000000
91048  -9.424  -73.421  3.392 0.0000000000
91049  -8.843  -73.900  3.622 0.0000000000
91050  -9.762  -74.135  3.333 0.0000000000
91051  -10.170  -74.834  3.348 0.0000000000
91052  -10.757  -74.389  3.181 0.0000000000
91053  -11.766  -74.650  3.112 0.0000000000
91054  -11.390  -73.992  2.976 0.0000000000
91055  -12.437  -72.682  2.559 0.0000000000
91056  -12.768  -73.297  2.669 0.0000000000
91057  -13.432  -73.056  2.534 0.0000000000
91058  -14.432  -73.429  2.530 0.0000000000
91059  -14.226  -72.809  2.384 0.0000000000
91060  -15.152  -72.557  2.181 0.0000000000
91061  -14.001  -72.121  2.280 0.0000000000
91062  -12.535  -70.330  2.281 0.0000000000
91063  -13.622  -70.730  2.092 0.0000000000
91064  -13.480  -70.077  2.048 0.0000000000
91065  -14.487  -69.784  1.782 0.0000000000
91066  -13.345  -69.419  2.075 0.0000000000
91067  -8.610  -68.685  3.279 0.0000000000
91068  -9.546  -69.009  3.077 0.0000000000
91069  -9.412  -68.404  3.079 0.0000000000
93520  -16.117  -77.168  10.153 0.0000000000
93521  -16.537  -77.275  9.540 0.0000000000
96968  -5.733  -69.321  10.971 0.0000000000
96969  -6.102  -69.601  10.483 0.0000000000
96970  -6.698  -70.051  10.435 0.0000000000
96971  -7.352  -70.494  10.557 0.0000000000
96972  -6.645  -70.967  10.873 0.0000000000
97683  -19.428  -74.377  2.514 0.0000000000
97684  -20.004  -74.021  2.456 0.0000000000
97685  -19.431  -73.803  2.247 0.0000000000
97686  -19.460  -73.227  2.003 0.0000000000
97687  -19.478  -72.590  1.760 0.0000000000
97688  -19.499  -71.988  1.562 0.0000000000
97689  -18.747  -72.381  1.682 0.0000000000
97690  -17.926  -72.145  1.667 0.0000000000
97691  -16.982  -71.862  1.723 0.0000000000
97698  -4.662  -71.319  3.607 0.0000000000
97699  -4.729  -70.597  3.187 0.0000000000
97700  -5.064  -70.044  3.254 0.0000000000
97701  -5.473  -69.546  3.374 0.0000000000
97702  -5.897  -69.008  3.394 0.0000000000
97703  -5.539  -68.879  3.057 0.0000000000
102000  -19.575  -74.470  7.505 0.0000000000
102001  -19.584  -74.939  7.156 0.0000000000
102002  -19.594  -75.347  6.798 0.0000000000
102003  -17.968  -77.222  6.593 0.0000000000
102004  -18.467  -76.806  6.396 0.0000000000
102005  -18.248  -77.094  5.954 0.0000000000
102006  -18.448  -76.949  5.327 0.0000000000
102007  -18.650  -76.712  4.781 0.0000000000
102008  -18.863  -76.391  4.176 0.0000000000
102009  -18.255  -76.760  4.319 0.0000000000
102010  -17.795  -76.632  3.943 0.0000000000
102011  -17.264  -76.473  3.683 0.0000000000
112317  -15.808  -71.580  9.608 0.0000000000
112318  -15.902  -72.335  10.058 0.0000000000
112319  -15.993  -73.157  10.402 0.0000000000
112320  -16.124  -74.052  10.548 0.0000000000
112321  -15.582  -73.494  10.779 0.0000000000
112322  -15.165  -73.816  11.138 0.0000000000
112323  -14.726  -74.177  11.479 0.0000000000
112355  -11.742  -69.749  9.043 0.0000000000
112356  -10.023  -72.210  11.676 0.0000000000
112357  -10.597  -71.850  11.321 0.0000000000
112358  -10.664  -72.653  11.927 0.0000000000
112359  -11.279  -73.098  12.136 0.0000000000
112360  -11.893  -73.545  12.355 0.0000000000
112361  -12.547  -74.027  12.402 0.0000000000
112362  -12.062  -74.508  12.707 0.0000000000
112363  -12.265  -75.480  12.889 0.0000000000
114523  -14.655  -76.532  3.712 0.0000000000
114524  -13.943  -76.281  3.574 0.0000000000
114525  -13.800  -75.723  3.322 0.0000000000
114526  -13.611  -75.163  3.172 0.0000000000
114532  -7.183  -72.185  4.023 0.0000000000
114533  -7.537  -72.987  3.987 0.0000000000
114534  -8.137  -72.466  3.715 0.0000000000
114535  -9.105  -72.728  3.367 0.0000000000
114536  -10.110  -73.032  3.087 0.0000000000
114537  -11.088  -73.329  2.893 0.0000000000
114538  -10.721  -72.631  2.840 0.0000000000
114539  -11.443  -72.316  2.640 0.0000000000
114540  -12.115  -71.992  2.497 0.0000000000
114541  -12.935  -71.711  2.379 0.0000000000
114542  -11.878  -71.300  2.508 0.0000000000
114543  -11.662  -70.620  2.487 0.0000000000
114544  -11.463  -69.932  2.524 0.0000000000
114545  -8.533  -67.510  3.155 0.0000000000
114546  -9.350  -67.852  3.050 0.0000000000
114547  -9.372  -67.320  2.974 0.0000000000
118372  -17.798  -75.564  8.904 0.0000000000
118373  -18.277  -75.728  8.205 0.0000000000
118374  -17.803  -76.101  8.561 0.0000000000
118375  -17.803  -76.530  8.174 0.0000000000
118376  -17.752  -76.924  7.772 0.0000000000
118377  -16.908  -77.367  8.839 0.0000000000
118378  -17.270  -77.352  8.068 0.0000000000
118379  -17.650  -77.289  7.357 0.0000000000
126401  -14.873  -70.847  9.189 0.0000000000
126402  -14.388  -71.111  9.642 0.0000000000
126424  -9.512  -68.502  9.086 0.0000000000
126425  -9.971  -69.019  8.989 0.0000000000
126426  -9.350  -69.388  9.427 0.0000000000
126427  -9.392  -70.197  10.171 0.0000000000
126428  -9.379  -70.993  10.803 0.0000000000
126429  -8.020  -70.946  10.796 0.0000000000
126430  -8.691  -71.375  11.097 0.0000000000
126431  -9.387  -71.794  11.386 0.0000000000
126432  -9.477  -72.600  11.973 0.0000000000
128085  -21.113  -74.657  3.943 0.0000000000
128086  -21.711  -74.119  3.942 0.0000000000
128087  -21.388  -74.214  3.535 0.0000000000
128088  -21.562  -73.703  3.108 0.0000000000
128089  -21.690  -73.155  2.677 0.0000000000
128090  -20.593  -73.601  2.407 0.0000000000
128091  -21.188  -73.092  2.371 0.0000000000
128092  -21.890  -72.532  2.398 0.0000000000
128100  -19.443  -71.358  1.407 0.0000000000
128120  -5.457  -73.095  4.326 0.0000000000
128121  -5.888  -72.477  4.294 0.0000000000
128122  -5.040  -71.474  3.992 0.0000000000
128123  -5.609  -71.691  4.202 0.0000000000
128124  -6.332  -71.918  4.194 0.0000000000
128125  -6.889  -71.406  4.011 0.0000000000
128126  -7.566  -70.951  3.752 0.0000000000
128127  -8.250  -70.574  3.490 0.0000000000
128128  -8.958  -70.153  3.230 0.0000000000
128129  -8.038  -69.809  3.476 0.0000000000
128130  -7.856  -69.034  3.445 0.0000000000
128131  -7.769  -68.385  3.374 0.0000000000
128132  -6.368  -68.505  3.393 0.0000000000
128133  -7.014  -68.097  3.361 0.0000000000
128134  -7.730  -67.703  3.288 0.0000000000
128135  -7.852  -67.204  3.139 0.0000000000
128136  -7.987  -66.683  3.032 0.0000000000
137256  -21.310  -74.279  5.660 0.0000000000
137257  -21.214  -74.583  5.275 0.0000000000
137258  -21.097  -74.852  4.849 0.0000000000
137259  -18.722  -75.772  7.553 0.0000000000
137260  -19.142  -75.764  6.997 0.0000000000
137261  -19.548  -75.688  6.431 0.0000000000
137262  -18.959  -76.410  6.240 0.0000000000
137263  -19.457  -76.008  6.049 0.0000000000
137264  -19.911  -75.617  5.915 0.0000000000
137265  -20.246  -75.482  5.429 0.0000000000
137266  -20.592  -75.289  4.930 0.0000000000
137267  -20.889  -74.998  4.403 0.0000000000
137268  -20.632  -75.096  3.943 0.0000000000
137269  -20.308  -75.151  3.487 0.0000000000
137270  -19.886  -75.115  3.131 0.0000000000
137271  -19.082  -75.943  3.643 0.0000000000
137272  -19.268  -75.495  3.166 0.0000000000
137273  -19.384  -74.934  2.826 0.0000000000
137274  -18.788  -74.728  2.616 0.0000000000
137275  -18.084  -74.528  2.525 0.0000000000
137276  -17.326  -74.287  2.515 0.0000000000
158072  -18.770  -74.112  8.487 0.0000000000
158073  -18.340  -74.513  8.733 0.0000000000
158080  -17.867  -73.368  9.227 0.0000000000
158081  -17.920  -74.154  9.163 0.0000000000
158082  -17.880  -74.881  9.061 0.0000000000
158083  -17.456  -75.235  9.429 0.0000000000
158084  -17.035  -75.668  9.765 0.0000000000
158085  -16.602  -76.046  10.115 0.0000000000
158086  -16.167  -74.827  10.611 0.0000000000
158087  -16.170  -75.619  10.582 0.0000000000
158088  -16.169  -76.410  10.437 0.0000000000
158089  -15.747  -76.829  10.701 0.0000000000
158090  -15.389  -77.267  10.896 0.0000000000
158153  -13.866  -70.736  9.454 0.0000000000
158154  -13.887  -71.390  10.107 0.0000000000
158155  -10.572  -69.501  9.275 0.0000000000
158156  -11.166  -69.974  9.547 0.0000000000
158157  -11.701  -70.476  9.879 0.0000000000
158158  -11.167  -71.480  10.925 0.0000000000
158159  -11.726  -71.139  10.531 0.0000000000
158160  -12.283  -70.905  10.139 0.0000000000
158161  -12.850  -71.266  10.365 0.0000000000
158162  -13.393  -71.680  10.568 0.0000000000
158163  -13.952  -72.082  10.725 0.0000000000
158164  -14.052  -72.793  11.277 0.0000000000
158165  -14.168  -73.664  11.666 0.0000000000
158166  -14.282  -74.574  11.841 0.0000000000
158167  -13.186  -74.515  12.358 0.0000000000
158168  -13.805  -75.040  12.144 0.0000000000
158169  -14.391  -75.543  11.863 0.0000000000
158170  -14.532  -76.506  11.789 0.0000000000
158171  -14.634  -77.373  11.618 0.0000000000
162484  -16.546  -77.214  4.301 0.0000000000
162485  -16.585  -76.746  3.897 0.0000000000
162486  -16.648  -76.274  3.511 0.0000000000
162487  -15.265  -76.274  3.575 0.0000000000
162488  -15.972  -76.025  3.404 0.0000000000
162489  -16.677  -75.710  3.231 0.0000000000
162490  -16.639  -75.168  2.988 0.0000000000
162491  -16.578  -74.636  2.743 0.0000000000
162492  -16.456  -74.042  2.522 0.0000000000
162505  -7.888  -73.688  3.919 0.0000000000
162506  -8.277  -74.452  3.860 0.0000000000
162509  -10.522  -75.489  3.394 0.0000000000
162510  -11.482  -75.655  3.393 0.0000000000
162511  -12.192  -75.295  3.266 0.0000000000
162512  -12.736  -74.903  3.107 0.0000000000
162513  -13.369  -74.569  2.960 0.0000000000
162514  -12.071  -73.622  2.788 0.0000000000
162515  -13.086  -73.957  2.765 0.0000000000
162516  -14.019  -74.307  2.817 0.0000000000
162517  -14.699  -74.065  2.675 0.0000000000
162518  -15.471  -73.772  2.530 0.0000000000
162519  -16.354  -73.392  2.335 0.0000000000
162520  -16.209  -72.835  2.121 0.0000000000
162521  -16.083  -72.232  1.955 0.0000000000
162522  -15.867  -71.512  1.816 0.0000000000
162523  -13.788  -71.412  2.192 0.0000000000
162524  -14.720  -71.122  1.939 0.0000000000
162525  -15.730  -70.832  1.652 0.0000000000
162526  -15.632  -70.157  1.551 0.0000000000
162529  -9.703  -69.792  3.012 0.0000000000
162530  -10.412  -69.499  2.799 0.0000000000
162531  -11.281  -69.234  2.630 0.0000000000
162532  -10.222  -68.205  2.855 0.0000000000
162533  -11.205  -68.591  2.603 0.0000000000
162534  -12.262  -68.997  2.325 0.0000000000
