#!ascii label  , from subject fsaverage vox2ras=TkReg coords=white
540
437  15.948  -69.554  4.087 0.0000000000
557  18.542  -70.179  10.423 0.0000000000
969  10.685  -64.795  4.547 0.0000000000
1228  14.558  -65.582  9.461 0.0000000000
1981  7.305  -68.711  6.839 0.0000000000
1982  6.413  -65.279  4.109 0.0000000000
2307  7.377  -67.673  12.772 0.0000000000
2310  19.790  -72.705  6.690 0.0000000000
4343  14.479  -71.106  5.601 0.0000000000
4345  11.346  -68.806  5.849 0.0000000000
4346  9.837  -62.556  4.346 0.0000000000
4347  7.372  -64.367  5.545 0.0000000000
4348  7.393  -62.748  3.507 0.0000000000
5124  10.147  -65.510  13.136 0.0000000000
5125  16.176  -67.775  10.114 0.0000000000
5126  13.261  -68.244  12.026 0.0000000000
5127  15.885  -70.751  12.533 0.0000000000
5129  17.907  -72.834  10.853 0.0000000000
5130  18.086  -73.986  8.372 0.0000000000
5131  19.796  -71.900  8.883 0.0000000000
6350  18.102  -68.002  2.779 0.0000000000
6351  12.878  -67.046  4.144 0.0000000000
6818  14.052  -64.640  12.139 0.0000000000
6820  17.838  -65.155  8.334 0.0000000000
6821  19.183  -67.406  8.639 0.0000000000
6822  20.910  -69.759  8.957 0.0000000000
8530  8.512  -66.603  6.204 0.0000000000
8531  5.944  -66.635  6.057 0.0000000000
8532  5.634  -68.031  3.936 0.0000000000
9480  11.049  -66.326  10.904 0.0000000000
9487  16.653  -73.057  6.170 0.0000000000
9488  18.402  -71.535  4.682 0.0000000000
9489  21.834  -71.014  7.320 0.0000000000
9490  21.890  -71.123  5.185 0.0000000000
9491  20.524  -69.885  3.579 0.0000000000
12023  15.182  -70.309  4.829 0.0000000000
12024  13.010  -69.916  5.572 0.0000000000
12025  13.587  -69.058  4.880 0.0000000000
12027  8.325  -62.436  4.301 0.0000000000
12028  8.275  -61.703  3.113 0.0000000000
12805  17.324  -68.964  10.687 0.0000000000
12806  15.988  -69.183  11.639 0.0000000000
12807  17.245  -70.424  11.515 0.0000000000
12808  17.026  -71.931  11.997 0.0000000000
12809  18.276  -71.473  10.794 0.0000000000
12810  18.916  -72.357  9.874 0.0000000000
12811  19.323  -71.138  9.815 0.0000000000
14424  16.783  -66.757  2.598 0.0000000000
15208  18.357  -66.182  7.893 0.0000000000
18791  8.676  -69.836  6.655 0.0000000000
18795  5.846  -69.020  6.686 0.0000000000
18796  11.532  -65.957  4.323 0.0000000000
18797  10.418  -66.783  5.232 0.0000000000
18798  9.362  -65.659  5.456 0.0000000000
18799  6.487  -64.654  5.018 0.0000000000
18800  6.566  -65.483  5.909 0.0000000000
18801  5.941  -65.942  5.159 0.0000000000
18802  5.509  -67.232  5.093 0.0000000000
18803  6.078  -66.684  4.079 0.0000000000
18804  6.602  -67.718  2.953 0.0000000000
18805  6.922  -66.170  3.076 0.0000000000
21130  6.547  -67.225  13.610 0.0000000000
21135  14.214  -64.727  10.552 0.0000000000
21136  12.371  -64.961  11.111 0.0000000000
21137  12.821  -65.969  10.144 0.0000000000
21138  13.171  -69.973  13.453 0.0000000000
21139  11.788  -68.739  12.723 0.0000000000
21152  18.924  -73.364  7.497 0.0000000000
21153  17.466  -73.758  7.094 0.0000000000
21154  18.341  -73.075  6.262 0.0000000000
21155  17.458  -72.335  5.427 0.0000000000
21156  19.221  -72.298  5.498 0.0000000000
21158  21.476  -70.622  8.204 0.0000000000
21163  21.276  -70.606  4.235 0.0000000000
26249  13.799  -71.889  6.096 0.0000000000
26251  12.377  -70.803  6.052 0.0000000000
26252  10.767  -69.748  6.342 0.0000000000
26253  9.178  -68.661  6.527 0.0000000000
26254  10.264  -63.613  4.469 0.0000000000
26255  8.893  -64.487  5.416 0.0000000000
26256  8.525  -63.381  4.984 0.0000000000
26257  7.278  -63.481  4.676 0.0000000000
26258  6.833  -63.959  3.912 0.0000000000
26259  7.166  -64.774  3.013 0.0000000000
27655  8.153  -66.381  14.017 0.0000000000
27656  8.620  -66.206  12.710 0.0000000000
27657  15.124  -66.746  9.313 0.0000000000
27658  13.545  -66.996  10.229 0.0000000000
27659  14.687  -67.940  11.056 0.0000000000
27660  14.551  -69.398  12.600 0.0000000000
27661  14.565  -71.346  13.475 0.0000000000
27663  15.771  -72.480  13.016 0.0000000000
27664  16.745  -73.504  12.080 0.0000000000
27665  17.363  -74.254  10.596 0.0000000000
27666  17.255  -74.704  9.200 0.0000000000
27667  18.223  -73.629  9.626 0.0000000000
27668  19.072  -73.030  8.758 0.0000000000
27669  19.920  -72.545  7.795 0.0000000000
30176  16.934  -68.779  3.364 0.0000000000
30177  14.502  -68.294  4.009 0.0000000000
30178  15.545  -67.565  3.234 0.0000000000
30179  14.093  -66.299  3.283 0.0000000000
30180  12.956  -65.199  3.405 0.0000000000
30183  12.192  -64.104  3.530 0.0000000000
31271  15.979  -64.637  10.117 0.0000000000
31273  17.437  -64.890  9.781 0.0000000000
31274  16.310  -65.262  8.774 0.0000000000
31275  16.799  -66.380  8.528 0.0000000000
31276  17.639  -67.609  9.353 0.0000000000
31277  18.763  -68.810  9.781 0.0000000000
31278  19.681  -69.974  9.682 0.0000000000
31279  20.072  -68.636  9.158 0.0000000000
35854  11.962  -67.850  5.022 0.0000000000
35855  9.667  -67.656  6.078 0.0000000000
35856  7.869  -67.513  6.745 0.0000000000
35857  7.764  -65.408  6.008 0.0000000000
35858  7.045  -66.423  6.549 0.0000000000
35859  6.374  -67.569  6.742 0.0000000000
35860  5.254  -67.928  6.142 0.0000000000
38676  12.202  -64.972  12.580 0.0000000000
38677  10.448  -65.432  11.744 0.0000000000
38678  9.290  -66.822  11.770 0.0000000000
38679  12.030  -67.290  11.084 0.0000000000
38680  10.378  -67.811  11.865 0.0000000000
38681  8.661  -68.466  12.543 0.0000000000
38697  16.773  -74.565  7.787 0.0000000000
38698  15.894  -73.886  6.721 0.0000000000
38699  14.948  -72.960  6.253 0.0000000000
38700  15.662  -72.093  5.729 0.0000000000
38701  16.484  -71.364  4.940 0.0000000000
38702  17.338  -70.590  4.178 0.0000000000
38703  20.423  -70.861  8.984 0.0000000000
38704  20.799  -71.507  7.977 0.0000000000
38705  20.933  -71.921  6.956 0.0000000000
38707  21.954  -71.261  6.263 0.0000000000
38708  20.816  -71.932  5.815 0.0000000000
38709  20.250  -71.493  4.835 0.0000000000
38710  19.400  -70.740  4.085 0.0000000000
38711  18.353  -69.809  3.554 0.0000000000
38712  19.469  -69.009  3.015 0.0000000000
42743  15.542  -69.927  4.462 0.0000000000
42744  14.421  -69.701  4.832 0.0000000000
42745  14.802  -69.309  4.454 0.0000000000
42747  8.855  -61.590  3.514 0.0000000000
43525  17.943  -69.576  10.644 0.0000000000
43526  17.254  -69.682  11.129 0.0000000000
43527  17.839  -70.258  10.920 0.0000000000
43528  17.769  -70.975  11.208 0.0000000000
43529  18.407  -70.838  10.655 0.0000000000
43530  18.796  -71.309  10.330 0.0000000000
43531  18.958  -70.696  10.189 0.0000000000
49511  7.968  -69.311  6.756 0.0000000000
49512  7.794  -69.964  6.677 0.0000000000
49513  7.087  -69.446  6.819 0.0000000000
49515  6.490  -68.855  6.888 0.0000000000
49516  11.034  -65.392  4.465 0.0000000000
49517  10.384  -65.823  4.919 0.0000000000
49518  9.989  -65.222  5.039 0.0000000000
49519  6.342  -64.940  4.603 0.0000000000
49520  6.175  -65.304  5.117 0.0000000000
49521  6.129  -65.635  4.649 0.0000000000
49522  5.954  -66.298  4.614 0.0000000000
49523  6.243  -65.989  4.120 0.0000000000
49524  6.455  -66.389  3.579 0.0000000000
49525  6.624  -65.658  3.588 0.0000000000
51850  6.872  -67.379  13.142 0.0000000000
51855  14.365  -65.046  9.836 0.0000000000
51856  13.417  -65.188  10.032 0.0000000000
51857  13.687  -65.760  9.788 0.0000000000
51858  13.175  -70.930  13.913 0.0000000000
51859  12.456  -70.246  13.754 0.0000000000
51872  19.341  -73.055  7.082 0.0000000000
51873  18.688  -73.312  6.883 0.0000000000
51874  19.146  -72.969  6.469 0.0000000000
51875  18.775  -72.656  5.858 0.0000000000
51876  19.623  -72.600  6.067 0.0000000000
59108  14.104  -71.492  5.879 0.0000000000
59109  13.115  -71.344  6.000 0.0000000000
59110  13.446  -70.913  5.826 0.0000000000
59111  12.205  -69.349  5.712 0.0000000000
59112  11.918  -69.798  6.010 0.0000000000
59113  11.086  -69.236  6.100 0.0000000000
59114  9.973  -69.187  6.403 0.0000000000
59115  10.225  -68.704  6.229 0.0000000000
59116  10.019  -63.077  4.432 0.0000000000
59117  9.365  -63.468  4.824 0.0000000000
59118  9.175  -62.944  4.684 0.0000000000
59119  7.761  -62.528  3.947 0.0000000000
59120  7.788  -62.900  4.462 0.0000000000
59121  7.344  -63.086  4.111 0.0000000000
59122  6.959  -63.672  4.326 0.0000000000
59123  7.090  -63.355  3.717 0.0000000000
59124  7.129  -63.718  3.283 0.0000000000
59125  7.296  -63.067  3.081 0.0000000000
61452  9.126  -65.962  13.590 0.0000000000
61453  8.339  -66.245  13.354 0.0000000000
61454  9.305  -65.801  12.880 0.0000000000
61455  15.624  -67.258  9.724 0.0000000000
61456  14.858  -67.324  10.159 0.0000000000
61457  15.439  -67.849  10.557 0.0000000000
61458  15.938  -69.964  12.151 0.0000000000
61459  15.266  -69.236  12.113 0.0000000000
61460  15.219  -70.018  12.598 0.0000000000
61461  14.557  -70.368  13.092 0.0000000000
61462  15.212  -70.996  13.007 0.0000000000
61463  15.185  -71.942  13.329 0.0000000000
61464  15.818  -71.547  12.866 0.0000000000
61465  17.491  -72.459  11.502 0.0000000000
61466  16.875  -72.686  12.136 0.0000000000
61467  17.292  -73.159  11.504 0.0000000000
61468  17.098  -73.883  11.387 0.0000000000
61469  17.631  -73.568  10.758 0.0000000000
61470  17.787  -73.951  10.102 0.0000000000
61471  18.124  -73.263  10.241 0.0000000000
61472  19.357  -72.122  9.368 0.0000000000
61473  19.036  -72.721  9.311 0.0000000000
61474  19.451  -72.457  8.845 0.0000000000
61475  19.476  -72.777  8.288 0.0000000000
61476  19.878  -72.234  8.334 0.0000000000
66308  17.515  -68.402  3.049 0.0000000000
66309  16.272  -68.191  3.250 0.0000000000
66310  16.824  -67.803  2.957 0.0000000000
66311  16.115  -66.174  2.560 0.0000000000
66312  15.458  -66.528  2.884 0.0000000000
66313  14.750  -65.985  2.911 0.0000000000
66314  13.470  -65.768  3.339 0.0000000000
66315  14.225  -65.422  2.933 0.0000000000
66322  13.293  -64.365  3.027 0.0000000000
68660  17.632  -64.919  9.017 0.0000000000
68661  16.907  -64.854  9.127 0.0000000000
68662  17.111  -65.208  8.566 0.0000000000
68663  16.525  -65.779  8.513 0.0000000000
68664  17.329  -65.648  8.177 0.0000000000
68665  18.718  -66.790  8.234 0.0000000000
68666  17.965  -66.922  8.554 0.0000000000
68667  18.395  -67.513  8.925 0.0000000000
68668  18.149  -68.169  9.739 0.0000000000
68669  18.949  -68.128  9.323 0.0000000000
68670  19.412  -68.739  9.476 0.0000000000
68671  19.630  -68.074  9.033 0.0000000000
79426  13.667  -67.657  4.080 0.0000000000
79427  13.182  -68.049  4.518 0.0000000000
79428  12.360  -67.435  4.597 0.0000000000
79429  9.388  -66.715  5.755 0.0000000000
79430  10.013  -67.211  5.676 0.0000000000
79431  9.054  -67.146  6.148 0.0000000000
79432  8.731  -67.578  6.482 0.0000000000
79433  8.205  -67.032  6.535 0.0000000000
79434  8.031  -64.378  5.558 0.0000000000
79435  8.272  -64.957  5.712 0.0000000000
79436  7.432  -64.845  5.853 0.0000000000
79437  6.299  -66.048  6.009 0.0000000000
79438  6.785  -65.863  6.293 0.0000000000
79439  6.441  -66.465  6.436 0.0000000000
79440  6.684  -66.996  6.685 0.0000000000
79441  6.076  -67.073  6.498 0.0000000000
79442  5.750  -67.704  6.520 0.0000000000
79443  5.558  -67.280  6.111 0.0000000000
79444  5.446  -67.612  4.558 0.0000000000
79445  5.215  -67.858  5.075 0.0000000000
79446  5.234  -68.203  4.432 0.0000000000
86447  13.145  -64.768  12.351 0.0000000000
86448  11.579  -65.602  10.765 0.0000000000
86449  11.406  -65.203  11.407 0.0000000000
86450  10.672  -65.789  11.143 0.0000000000
86451  9.771  -66.048  11.579 0.0000000000
86452  10.190  -66.534  11.296 0.0000000000
86453  13.390  -67.573  11.138 0.0000000000
86454  12.791  -67.129  10.677 0.0000000000
86455  12.645  -67.738  11.558 0.0000000000
86456  10.995  -69.051  13.053 0.0000000000
86457  11.082  -68.227  12.278 0.0000000000
86458  10.255  -68.540  12.589 0.0000000000
86459  9.521  -68.106  12.194 0.0000000000
86497  17.690  -74.319  8.797 0.0000000000
86498  17.091  -74.711  8.504 0.0000000000
86499  17.454  -74.313  8.154 0.0000000000
86500  17.080  -73.437  6.571 0.0000000000
86501  16.654  -73.797  6.917 0.0000000000
86502  16.247  -73.421  6.467 0.0000000000
86503  15.387  -73.412  6.406 0.0000000000
86504  15.816  -72.957  6.206 0.0000000000
86505  15.315  -72.516  6.100 0.0000000000
86506  16.178  -72.574  5.896 0.0000000000
86507  17.905  -71.935  5.027 0.0000000000
86508  17.004  -71.853  5.113 0.0000000000
86509  17.429  -71.458  4.753 0.0000000000
86510  16.891  -70.973  4.549 0.0000000000
86511  17.897  -71.078  4.385 0.0000000000
86512  20.286  -69.875  9.307 0.0000000000
86513  20.089  -70.433  9.389 0.0000000000
86514  20.699  -70.370  8.954 0.0000000000
86515  21.696  -70.841  7.768 0.0000000000
86516  21.142  -71.037  8.120 0.0000000000
86517  21.321  -71.289  7.613 0.0000000000
86518  20.917  -71.754  7.468 0.0000000000
86519  21.411  -71.460  7.131 0.0000000000
86525  21.959  -71.234  5.706 0.0000000000
86526  21.417  -71.607  6.040 0.0000000000
86527  21.343  -71.534  5.484 0.0000000000
86528  20.571  -71.815  5.303 0.0000000000
86529  21.089  -71.380  4.949 0.0000000000
86530  20.938  -70.275  3.870 0.0000000000
86531  20.363  -70.712  4.131 0.0000000000
86532  19.902  -70.310  3.801 0.0000000000
86533  18.902  -70.287  3.792 0.0000000000
86534  19.435  -69.874  3.524 0.0000000000
86535  18.892  -69.432  3.290 0.0000000000
86536  20.046  -69.473  3.297 0.0000000000
95369  14.841  -70.707  5.225 0.0000000000
95370  13.801  -70.500  5.553 0.0000000000
95371  14.105  -70.092  5.186 0.0000000000
95372  13.284  -69.486  5.236 0.0000000000
95373  12.491  -68.925  5.359 0.0000000000
95375  9.057  -62.452  4.469 0.0000000000
95376  8.967  -62.007  4.007 0.0000000000
95377  8.277  -62.030  3.755 0.0000000000
95378  7.782  -62.167  3.302 0.0000000000
95379  7.600  -62.461  2.838 0.0000000000
95380  7.932  -61.949  2.623 0.0000000000
96777  16.743  -68.328  10.500 0.0000000000
96778  16.070  -68.398  10.923 0.0000000000
96779  16.664  -69.074  11.156 0.0000000000
96780  16.636  -69.830  11.672 0.0000000000
96781  16.579  -70.609  12.061 0.0000000000
96782  16.504  -71.360  12.353 0.0000000000
96783  17.155  -71.183  11.813 0.0000000000
96784  17.654  -71.716  11.393 0.0000000000
96785  18.123  -72.171  10.866 0.0000000000
96786  18.441  -72.574  10.326 0.0000000000
96787  18.634  -71.923  10.386 0.0000000000
96788  19.130  -71.724  9.894 0.0000000000
96789  19.619  -71.548  9.398 0.0000000000
99690  17.370  -67.373  2.697 0.0000000000
101102  18.067  -65.558  7.917 0.0000000000
107551  9.517  -70.317  6.454 0.0000000000
107560  12.149  -66.474  4.203 0.0000000000
107561  11.613  -66.850  4.644 0.0000000000
107562  10.941  -66.357  4.777 0.0000000000
107563  9.822  -66.270  5.346 0.0000000000
107564  8.864  -66.133  5.805 0.0000000000
107565  6.862  -64.458  5.364 0.0000000000
107566  6.884  -64.910  5.747 0.0000000000
107567  6.475  -65.077  5.494 0.0000000000
107568  6.179  -65.693  5.587 0.0000000000
107569  5.942  -66.283  5.621 0.0000000000
107570  5.665  -66.906  5.592 0.0000000000
107571  5.739  -66.585  5.145 0.0000000000
107572  5.725  -66.948  4.614 0.0000000000
107573  5.840  -67.402  4.044 0.0000000000
107574  6.079  -67.873  3.437 0.0000000000
107575  6.271  -67.161  3.532 0.0000000000
107576  6.790  -67.005  3.016 0.0000000000
111762  6.355  -67.223  14.174 0.0000000000
111771  14.125  -64.597  11.339 0.0000000000
111772  13.211  -64.660  11.578 0.0000000000
111773  13.316  -64.818  10.816 0.0000000000
111774  12.539  -65.345  10.394 0.0000000000
111775  11.936  -66.158  10.544 0.0000000000
111776  13.205  -69.046  12.852 0.0000000000
111777  12.547  -68.479  12.404 0.0000000000
111778  12.499  -69.310  13.154 0.0000000000
111779  11.723  -69.611  13.470 0.0000000000
111802  18.503  -73.670  7.931 0.0000000000
111803  17.811  -73.962  7.733 0.0000000000
111804  18.255  -73.626  7.325 0.0000000000
111805  17.902  -73.415  6.688 0.0000000000
111806  17.495  -73.108  6.203 0.0000000000
111807  17.028  -72.736  5.855 0.0000000000
111808  17.910  -72.725  5.805 0.0000000000
111809  18.349  -72.317  5.401 0.0000000000
111810  18.807  -71.958  5.051 0.0000000000
111812  21.252  -70.226  8.603 0.0000000000
111821  21.628  -70.908  4.673 0.0000000000
111823  21.913  -70.172  4.005 0.0000000000
111824  21.590  -69.833  3.667 0.0000000000
111825  21.189  -69.439  3.355 0.0000000000
122687  13.509  -72.403  6.106 0.0000000000
122689  12.833  -71.802  6.063 0.0000000000
122690  12.120  -71.264  6.097 0.0000000000
122691  11.314  -70.800  6.284 0.0000000000
122692  12.748  -70.342  5.891 0.0000000000
122693  11.603  -70.306  6.232 0.0000000000
122694  10.520  -70.280  6.386 0.0000000000
122695  9.653  -69.752  6.584 0.0000000000
122696  8.928  -69.215  6.621 0.0000000000
122697  8.205  -68.645  6.716 0.0000000000
122698  10.458  -64.221  4.527 0.0000000000
122699  9.751  -64.639  5.033 0.0000000000
122700  9.577  -64.076  4.980 0.0000000000
122701  8.625  -63.919  5.222 0.0000000000
122702  7.901  -63.871  5.257 0.0000000000
122703  8.420  -62.861  4.756 0.0000000000
122704  7.838  -63.384  4.927 0.0000000000
122705  7.320  -63.903  5.160 0.0000000000
122706  6.872  -64.030  4.855 0.0000000000
122707  6.654  -64.264  4.482 0.0000000000
122708  6.607  -64.593  4.050 0.0000000000
122709  6.772  -64.975  3.555 0.0000000000
122710  6.933  -64.332  3.455 0.0000000000
122711  7.291  -64.113  2.877 0.0000000000
125969  7.181  -66.844  14.411 0.0000000000
125970  7.296  -66.730  13.794 0.0000000000
125971  7.541  -66.725  13.216 0.0000000000
125972  7.889  -66.847  12.646 0.0000000000
125973  14.819  -66.129  9.263 0.0000000000
125974  13.965  -66.300  9.691 0.0000000000
125975  14.323  -66.875  9.770 0.0000000000
125976  14.093  -67.474  10.658 0.0000000000
125977  13.962  -68.066  11.569 0.0000000000
125978  15.332  -68.514  11.434 0.0000000000
125979  14.578  -68.527  11.937 0.0000000000
125980  13.855  -68.763  12.454 0.0000000000
125981  13.865  -69.696  13.072 0.0000000000
125982  13.864  -70.654  13.555 0.0000000000
125983  13.884  -71.619  13.907 0.0000000000
125988  16.380  -72.157  12.549 0.0000000000
125989  16.264  -73.012  12.643 0.0000000000
125995  17.391  -74.554  9.909 0.0000000000
125996  17.802  -74.214  9.425 0.0000000000
125997  18.238  -73.889  8.979 0.0000000000
125998  18.597  -72.988  9.762 0.0000000000
125999  18.672  -73.323  9.166 0.0000000000
126000  18.668  -73.581  8.554 0.0000000000
126001  19.077  -73.284  8.102 0.0000000000
126002  19.466  -73.012  7.674 0.0000000000
126003  19.912  -72.695  7.266 0.0000000000
132374  16.435  -69.164  3.716 0.0000000000
132375  15.243  -68.918  4.029 0.0000000000
132376  15.739  -68.549  3.614 0.0000000000
132377  14.995  -67.917  3.610 0.0000000000
132378  14.214  -67.292  3.656 0.0000000000
132379  16.141  -67.148  2.904 0.0000000000
132380  14.824  -66.915  3.251 0.0000000000
132381  13.453  -66.672  3.714 0.0000000000
132382  12.761  -66.118  3.757 0.0000000000
132383  12.206  -65.568  3.864 0.0000000000
132384  11.715  -64.975  3.997 0.0000000000
132391  13.730  -64.872  2.947 0.0000000000
132392  12.519  -64.650  3.482 0.0000000000
132393  11.440  -64.414  4.020 0.0000000000
132394  11.181  -63.844  4.024 0.0000000000
132395  10.922  -63.262  4.064 0.0000000000
132396  10.769  -62.733  4.026 0.0000000000
135344  14.928  -64.594  11.952 0.0000000000
135345  14.983  -64.546  11.108 0.0000000000
135346  15.119  -64.649  10.318 0.0000000000
135347  15.277  -64.936  9.556 0.0000000000
135354  16.694  -64.702  9.977 0.0000000000
135355  16.136  -64.841  9.321 0.0000000000
135356  15.443  -65.424  9.099 0.0000000000
135357  15.668  -65.951  8.842 0.0000000000
135358  15.924  -66.620  8.905 0.0000000000
135359  16.408  -67.120  9.303 0.0000000000
135360  17.608  -66.310  8.151 0.0000000000
135361  17.193  -67.015  8.917 0.0000000000
135362  16.899  -67.685  9.704 0.0000000000
135363  17.411  -68.253  10.158 0.0000000000
135364  18.039  -68.876  10.280 0.0000000000
135365  18.644  -69.496  10.185 0.0000000000
135366  19.116  -70.064  10.066 0.0000000000
135367  19.240  -69.405  9.810 0.0000000000
135368  19.853  -69.308  9.476 0.0000000000
135369  20.491  -69.213  9.160 0.0000000000
148546  13.981  -68.661  4.475 0.0000000000
148547  12.846  -68.470  4.908 0.0000000000
148548  11.668  -68.312  5.414 0.0000000000
148549  11.117  -67.249  5.132 0.0000000000
148550  10.749  -67.685  5.563 0.0000000000
148551  10.477  -68.188  5.939 0.0000000000
148552  9.393  -68.167  6.384 0.0000000000
148553  8.431  -68.113  6.688 0.0000000000
148554  7.540  -68.086  6.837 0.0000000000
148555  9.096  -65.070  5.454 0.0000000000
148556  8.525  -65.535  5.776 0.0000000000
148557  8.066  -65.964  6.148 0.0000000000
148558  7.094  -65.316  6.083 0.0000000000
148559  7.389  -65.868  6.314 0.0000000000
148560  7.737  -66.472  6.483 0.0000000000
148561  7.388  -66.972  6.705 0.0000000000
148562  7.079  -67.535  6.826 0.0000000000
148563  6.781  -68.145  6.893 0.0000000000
148564  6.104  -68.267  6.778 0.0000000000
148565  5.523  -68.443  6.510 0.0000000000
148567  5.318  -67.549  5.619 0.0000000000
148582  7.043  -65.441  3.077 0.0000000000
156986  11.229  -65.232  12.834 0.0000000000
156987  12.268  -64.858  11.827 0.0000000000
156988  11.295  -65.097  12.101 0.0000000000
156989  10.287  -65.408  12.442 0.0000000000
156990  9.503  -65.811  12.190 0.0000000000
156991  8.853  -66.400  12.094 0.0000000000
156992  8.384  -67.199  12.242 0.0000000000
156993  13.174  -66.487  10.083 0.0000000000
156994  12.337  -66.706  10.527 0.0000000000
156995  11.503  -66.822  10.886 0.0000000000
156996  11.872  -67.946  11.919 0.0000000000
156997  11.219  -67.474  11.448 0.0000000000
156998  10.666  -67.046  11.267 0.0000000000
156999  9.800  -67.323  11.684 0.0000000000
157000  8.914  -67.645  12.098 0.0000000000
157001  7.992  -68.053  12.527 0.0000000000
157050  17.077  -74.135  7.467 0.0000000000
157051  16.327  -74.283  7.208 0.0000000000
157056  14.418  -72.471  6.183 0.0000000000
157057  14.755  -72.023  5.961 0.0000000000
157058  15.127  -71.610  5.621 0.0000000000
157059  16.569  -72.223  5.516 0.0000000000
157060  16.081  -71.746  5.341 0.0000000000
157061  15.522  -71.252  5.261 0.0000000000
157062  15.887  -70.871  4.809 0.0000000000
157063  16.289  -70.443  4.430 0.0000000000
157064  16.679  -70.078  4.081 0.0000000000
157065  19.512  -70.547  9.761 0.0000000000
157066  19.853  -70.977  9.410 0.0000000000
157067  20.082  -71.345  8.971 0.0000000000
157068  20.995  -70.772  8.540 0.0000000000
157069  20.613  -71.178  8.532 0.0000000000
157070  20.275  -71.694  8.417 0.0000000000
157071  20.396  -72.019  7.875 0.0000000000
157072  20.442  -72.287  7.376 0.0000000000
157073  20.397  -72.348  6.811 0.0000000000
157079  21.876  -71.173  6.836 0.0000000000
157080  21.414  -71.590  6.614 0.0000000000
157081  20.903  -71.978  6.368 0.0000000000
157082  20.293  -72.324  6.200 0.0000000000
157083  20.113  -72.197  5.657 0.0000000000
157084  19.736  -71.903  5.160 0.0000000000
157085  19.365  -71.536  4.736 0.0000000000
157086  20.750  -71.068  4.515 0.0000000000
157087  19.853  -71.135  4.436 0.0000000000
157088  18.917  -71.138  4.383 0.0000000000
157089  18.395  -70.688  4.080 0.0000000000
157090  17.824  -70.209  3.863 0.0000000000
157091  17.185  -69.699  3.751 0.0000000000
157092  17.724  -69.307  3.444 0.0000000000
157093  18.211  -68.895  3.145 0.0000000000
157094  18.851  -68.509  2.848 0.0000000000
157095  20.689  -69.013  3.055 0.0000000000
157096  20.082  -68.558  2.783 0.0000000000
