#!ascii label  , from subject fsaverage vox2ras=TkReg coords=white
468
91  -16.594  -63.689  0.244 0.0000000000
570  -21.550  -71.615  7.489 0.0000000000
1531  -23.252  -64.623  0.371 0.0000000000
2348  -18.194  -69.287  7.858 0.0000000000
2510  -22.890  -70.151  1.681 0.0000000000
2511  -16.465  -68.565  1.126 0.0000000000
2514  -8.930  -66.000  2.704 0.0000000000
2911  -13.234  -62.555  0.513 0.0000000000
3511  -25.545  -64.699  1.406 0.0000000000
5224  -16.777  -68.266  7.383 0.0000000000
5225  -16.279  -70.517  8.551 0.0000000000
5226  -14.559  -69.146  7.437 0.0000000000
5630  -22.359  -72.557  2.722 0.0000000000
5632  -20.277  -69.631  1.049 0.0000000000
7120  -19.951  -73.489  7.700 0.0000000000
7121  -21.884  -73.407  5.985 0.0000000000
7411  -20.093  -64.252  0.221 0.0000000000
9597  -21.176  -68.409  8.489 0.0000000000
9599  -19.876  -67.933  8.087 0.0000000000
9600  -19.771  -70.382  8.312 0.0000000000
9601  -18.185  -72.125  8.820 0.0000000000
9609  -13.040  -67.642  8.829 0.0000000000
10084  -23.557  -72.233  4.395 0.0000000000
10085  -24.718  -70.192  3.062 0.0000000000
10086  -25.470  -67.422  2.128 0.0000000000
10087  -23.277  -67.385  0.873 0.0000000000
10088  -20.115  -67.002  0.600 0.0000000000
10089  -16.289  -66.184  0.691 0.0000000000
10097  -12.081  -67.185  2.104 0.0000000000
10098  -12.477  -65.019  1.617 0.0000000000
10099  -10.047  -63.730  1.887 0.0000000000
10591  -14.853  -63.243  0.418 0.0000000000
12905  -15.607  -68.562  7.035 0.0000000000
12906  -14.927  -67.940  7.720 0.0000000000
13306  -22.185  -70.405  7.679 0.0000000000
13308  -22.560  -71.505  6.945 0.0000000000
16287  -24.652  -63.335  0.847 0.0000000000
16291  -21.752  -64.466  0.246 0.0000000000
21430  -18.346  -68.422  7.692 0.0000000000
21431  -19.226  -67.716  8.061 0.0000000000
21432  -19.017  -68.702  7.984 0.0000000000
21433  -19.700  -68.978  8.314 0.0000000000
21434  -18.948  -69.764  8.211 0.0000000000
21435  -19.051  -71.226  8.435 0.0000000000
21436  -18.075  -70.440  8.389 0.0000000000
21458  -12.392  -68.669  8.066 0.0000000000
22645  -22.765  -72.949  5.171 0.0000000000
22646  -22.486  -73.416  4.318 0.0000000000
22647  -22.645  -71.439  2.168 0.0000000000
22648  -23.618  -71.444  2.843 0.0000000000
22649  -23.933  -70.208  2.273 0.0000000000
22650  -25.137  -68.887  2.558 0.0000000000
22651  -24.295  -68.903  1.829 0.0000000000
22652  -24.514  -67.479  1.406 0.0000000000
22653  -23.166  -68.748  1.231 0.0000000000
22654  -18.506  -69.167  0.925 0.0000000000
22655  -20.194  -68.334  0.791 0.0000000000
22656  -18.352  -67.938  0.748 0.0000000000
22657  -18.219  -66.638  0.648 0.0000000000
22658  -16.333  -67.316  0.895 0.0000000000
22679  -10.276  -66.551  2.596 0.0000000000
22680  -12.248  -66.173  1.905 0.0000000000
22681  -10.680  -65.550  2.286 0.0000000000
22682  -11.094  -64.469  1.804 0.0000000000
22683  -9.506  -64.974  2.356 0.0000000000
24751  -24.513  -64.738  0.753 0.0000000000
27835  -17.692  -68.051  7.934 0.0000000000
27836  -17.525  -68.848  7.396 0.0000000000
27837  -17.243  -69.861  8.010 0.0000000000
27838  -16.504  -69.347  7.444 0.0000000000
27839  -15.477  -69.925  8.002 0.0000000000
28566  -21.361  -72.490  2.099 0.0000000000
28567  -21.587  -71.243  1.645 0.0000000000
28568  -21.750  -69.883  1.243 0.0000000000
28569  -20.221  -70.939  1.329 0.0000000000
28570  -18.680  -70.481  1.214 0.0000000000
28571  -16.676  -69.856  1.304 0.0000000000
28586  -8.112  -65.584  2.465 0.0000000000
31972  -20.779  -72.529  7.547 0.0000000000
31973  -21.800  -72.599  6.800 0.0000000000
31974  -20.946  -73.532  6.793 0.0000000000
32731  -18.365  -63.948  0.147 0.0000000000
39026  -21.941  -68.912  8.269 0.0000000000
39027  -21.380  -69.974  8.120 0.0000000000
39034  -20.491  -68.146  8.371 0.0000000000
39035  -20.499  -69.531  8.426 0.0000000000
39036  -20.693  -71.042  8.042 0.0000000000
39037  -19.993  -71.954  8.101 0.0000000000
39038  -19.135  -72.860  8.412 0.0000000000
39040  -17.201  -71.201  8.912 0.0000000000
39064  -13.609  -68.124  7.487 0.0000000000
39065  -13.433  -69.705  8.305 0.0000000000
40486  -22.786  -72.296  6.084 0.0000000000
40487  -23.633  -71.760  5.375 0.0000000000
40488  -24.405  -70.922  4.658 0.0000000000
40489  -23.052  -72.560  3.523 0.0000000000
40490  -24.163  -71.312  3.750 0.0000000000
40495  -25.539  -66.073  1.701 0.0000000000
40496  -24.563  -66.119  0.959 0.0000000000
40497  -23.286  -66.055  0.532 0.0000000000
40498  -21.754  -68.563  0.938 0.0000000000
40499  -21.800  -67.223  0.623 0.0000000000
40500  -21.787  -65.848  0.414 0.0000000000
40501  -20.110  -65.635  0.493 0.0000000000
40502  -18.232  -65.406  0.487 0.0000000000
40503  -16.421  -64.989  0.500 0.0000000000
40524  -14.399  -69.120  1.765 0.0000000000
40526  -12.109  -68.302  2.259 0.0000000000
40527  -14.175  -67.823  1.497 0.0000000000
40528  -14.136  -66.704  1.282 0.0000000000
40529  -14.218  -65.673  1.107 0.0000000000
40530  -14.509  -64.475  0.816 0.0000000000
40531  -12.915  -63.888  0.998 0.0000000000
40532  -11.615  -63.142  1.093 0.0000000000
40534  -8.739  -64.365  2.034 0.0000000000
41307  -17.895  -63.182  -0.021 0.0000000000
41309  -16.933  -63.035  0.041 0.0000000000
41310  -16.040  -62.870  0.126 0.0000000000
41311  -15.693  -63.491  0.319 0.0000000000
43625  -15.472  -67.845  7.972 0.0000000000
44026  -21.881  -71.008  7.573 0.0000000000
44027  -22.378  -70.939  7.343 0.0000000000
44028  -22.060  -71.568  7.219 0.0000000000
47007  -24.007  -63.994  0.549 0.0000000000
47008  -24.074  -63.325  0.581 0.0000000000
47009  -23.357  -63.951  0.385 0.0000000000
47010  -22.662  -63.872  0.250 0.0000000000
47011  -22.521  -64.547  0.295 0.0000000000
52150  -18.244  -68.841  7.644 0.0000000000
52151  -18.666  -68.557  7.776 0.0000000000
52152  -18.588  -69.016  7.816 0.0000000000
52153  -18.951  -69.188  8.061 0.0000000000
52154  -18.537  -69.481  8.047 0.0000000000
52155  -18.491  -70.080  8.279 0.0000000000
52156  -18.096  -69.764  8.108 0.0000000000
53365  -22.133  -73.768  4.748 0.0000000000
53367  -22.742  -70.814  1.904 0.0000000000
53368  -23.284  -70.851  2.219 0.0000000000
53369  -23.407  -70.216  1.959 0.0000000000
53370  -24.134  -69.578  2.079 0.0000000000
53371  -23.659  -69.528  1.770 0.0000000000
53372  -23.798  -68.819  1.487 0.0000000000
53373  -23.104  -69.446  1.479 0.0000000000
53374  -17.474  -68.885  1.001 0.0000000000
53375  -18.393  -68.565  0.855 0.0000000000
53376  -17.378  -68.275  0.904 0.0000000000
53377  -17.376  -67.634  0.804 0.0000000000
53378  -16.432  -67.928  1.009 0.0000000000
53397  -8.724  -66.480  2.917 0.0000000000
53398  -9.389  -66.792  2.898 0.0000000000
53399  -9.544  -66.263  2.700 0.0000000000
53400  -10.470  -66.011  2.431 0.0000000000
53401  -9.742  -65.746  2.535 0.0000000000
53402  -10.074  -65.261  2.353 0.0000000000
53403  -9.210  -65.501  2.517 0.0000000000
54807  -14.479  -62.296  0.253 0.0000000000
54809  -13.722  -61.906  0.316 0.0000000000
54811  -12.550  -62.133  0.568 0.0000000000
56610  -25.114  -64.041  1.101 0.0000000000
56611  -25.047  -64.740  1.058 0.0000000000
61750  -16.839  -67.917  8.006 0.0000000000
61751  -17.357  -67.879  8.384 0.0000000000
61752  -17.234  -68.159  7.633 0.0000000000
61753  -17.624  -68.378  7.402 0.0000000000
61754  -17.186  -68.574  7.265 0.0000000000
61755  -17.048  -69.079  7.391 0.0000000000
61756  -16.675  -68.748  7.213 0.0000000000
61757  -15.107  -68.875  7.184 0.0000000000
61758  -15.541  -69.307  7.415 0.0000000000
61759  -15.029  -69.598  7.666 0.0000000000
61760  -14.952  -70.229  8.430 0.0000000000
61761  -14.489  -69.886  8.036 0.0000000000
62969  -20.766  -72.328  1.842 0.0000000000
62970  -21.450  -71.882  1.867 0.0000000000
62971  -20.858  -71.731  1.647 0.0000000000
62972  -20.946  -71.111  1.451 0.0000000000
62973  -20.230  -71.567  1.488 0.0000000000
62975  -18.663  -71.116  1.364 0.0000000000
62976  -17.817  -70.835  1.355 0.0000000000
62977  -17.721  -70.194  1.228 0.0000000000
70156  -20.363  -73.023  7.576 0.0000000000
70157  -20.865  -73.014  7.220 0.0000000000
70158  -20.455  -73.574  7.226 0.0000000000
71907  -21.163  -63.732  0.103 0.0000000000
71909  -20.361  -63.601  0.083 0.0000000000
71910  -19.574  -63.450  0.044 0.0000000000
71911  -19.221  -64.096  0.204 0.0000000000
87319  -21.547  -68.616  8.422 0.0000000000
87320  -21.668  -69.410  8.202 0.0000000000
87321  -21.256  -69.185  8.352 0.0000000000
87333  -19.536  -67.795  8.015 0.0000000000
87339  -20.201  -68.052  8.214 0.0000000000
87340  -19.706  -69.651  8.360 0.0000000000
87341  -20.108  -69.272  8.419 0.0000000000
87342  -20.150  -69.981  8.357 0.0000000000
87343  -20.611  -70.280  8.227 0.0000000000
87344  -20.232  -70.716  8.210 0.0000000000
87345  -20.389  -71.526  8.022 0.0000000000
87346  -19.902  -71.171  8.209 0.0000000000
87347  -18.638  -71.680  8.600 0.0000000000
87348  -19.111  -72.032  8.428 0.0000000000
87349  -18.656  -72.486  8.658 0.0000000000
87352  -16.723  -70.186  8.221 0.0000000000
87353  -17.131  -70.491  8.495 0.0000000000
87354  -16.684  -70.849  8.800 0.0000000000
87412  -13.716  -67.650  9.055 0.0000000000
87413  -13.967  -67.758  8.274 0.0000000000
87414  -13.307  -67.837  8.155 0.0000000000
87416  -12.941  -69.234  8.063 0.0000000000
90969  -21.873  -73.040  6.414 0.0000000000
90970  -22.332  -72.527  6.439 0.0000000000
90971  -22.364  -72.883  6.001 0.0000000000
90972  -23.144  -72.635  4.765 0.0000000000
90973  -23.206  -72.380  5.233 0.0000000000
90974  -23.606  -72.053  4.842 0.0000000000
90975  -24.046  -71.414  5.027 0.0000000000
90976  -23.996  -71.625  4.512 0.0000000000
90978  -22.513  -73.077  3.454 0.0000000000
90979  -22.756  -72.609  3.075 0.0000000000
90980  -24.184  -70.835  2.915 0.0000000000
90981  -23.926  -71.398  3.258 0.0000000000
90982  -24.442  -70.762  3.362 0.0000000000
90983  -24.645  -70.617  3.845 0.0000000000
90984  -24.933  -70.069  3.509 0.0000000000
90986  -25.220  -69.453  3.263 0.0000000000
90987  -25.283  -68.187  2.359 0.0000000000
90988  -25.545  -68.164  2.790 0.0000000000
90989  -25.749  -67.423  2.610 0.0000000000
90991  -25.861  -66.698  2.347 0.0000000000
90992  -25.928  -65.999  2.111 0.0000000000
90993  -25.531  -66.730  1.917 0.0000000000
90994  -23.911  -67.475  1.101 0.0000000000
90995  -24.530  -66.811  1.154 0.0000000000
90996  -23.907  -66.762  0.878 0.0000000000
90997  -23.923  -66.106  0.667 0.0000000000
90998  -23.258  -66.701  0.679 0.0000000000
90999  -21.016  -69.773  1.143 0.0000000000
91000  -21.743  -69.250  1.072 0.0000000000
91001  -21.022  -69.126  0.985 0.0000000000
91002  -20.171  -67.676  0.659 0.0000000000
91003  -20.987  -67.818  0.704 0.0000000000
91004  -20.971  -67.140  0.587 0.0000000000
91005  -21.764  -66.527  0.532 0.0000000000
91006  -20.923  -66.422  0.531 0.0000000000
91007  -20.995  -65.775  0.452 0.0000000000
91008  -20.101  -66.311  0.550 0.0000000000
91009  -17.249  -66.405  0.645 0.0000000000
91010  -18.274  -66.016  0.541 0.0000000000
91011  -17.290  -65.826  0.566 0.0000000000
91012  -17.365  -65.189  0.448 0.0000000000
91013  -16.308  -65.611  0.594 0.0000000000
91070  -11.084  -67.380  2.468 0.0000000000
91071  -11.082  -67.920  2.525 0.0000000000
91072  -12.046  -67.724  2.190 0.0000000000
91073  -13.158  -68.062  1.860 0.0000000000
91074  -13.084  -67.504  1.801 0.0000000000
91075  -14.140  -67.260  1.393 0.0000000000
91076  -13.119  -66.965  1.686 0.0000000000
91077  -12.356  -65.609  1.807 0.0000000000
91078  -13.194  -65.941  1.561 0.0000000000
91079  -13.308  -65.347  1.402 0.0000000000
91080  -14.393  -65.089  0.942 0.0000000000
91081  -13.471  -64.787  1.179 0.0000000000
91082  -13.693  -64.193  0.920 0.0000000000
91083  -12.714  -64.510  1.300 0.0000000000
91084  -10.530  -64.120  1.872 0.0000000000
91085  -11.322  -63.847  1.445 0.0000000000
91086  -10.830  -63.411  1.460 0.0000000000
91087  -11.100  -62.742  1.098 0.0000000000
91088  -10.409  -63.034  1.458 0.0000000000
91089  -7.895  -65.401  2.226 0.0000000000
91090  -8.417  -65.069  2.250 0.0000000000
91091  -8.181  -64.765  1.991 0.0000000000
92790  -15.207  -62.644  0.210 0.0000000000
92791  -14.025  -62.930  0.476 0.0000000000
93871  -25.946  -64.650  1.850 0.0000000000
96956  -16.366  -67.943  7.725 0.0000000000
96957  -16.254  -68.379  7.190 0.0000000000
96958  -15.811  -68.044  7.453 0.0000000000
96959  -15.255  -68.222  7.302 0.0000000000
96960  -14.715  -68.457  7.288 0.0000000000
103050  -21.927  -63.799  0.154 0.0000000000
103051  -20.959  -64.388  0.224 0.0000000000
112302  -18.489  -68.019  7.989 0.0000000000
112303  -18.947  -67.661  8.324 0.0000000000
112304  -18.833  -68.107  7.878 0.0000000000
112305  -19.178  -68.215  7.881 0.0000000000
112306  -19.468  -68.335  8.050 0.0000000000
112307  -19.805  -68.481  8.171 0.0000000000
112308  -19.360  -68.853  8.180 0.0000000000
112309  -19.322  -69.384  8.246 0.0000000000
112310  -19.344  -70.056  8.348 0.0000000000
112311  -19.462  -70.829  8.307 0.0000000000
112312  -18.947  -70.453  8.396 0.0000000000
112313  -18.508  -70.824  8.491 0.0000000000
112314  -18.130  -71.245  8.610 0.0000000000
112315  -15.780  -70.840  9.022 0.0000000000
112316  -16.249  -71.207  9.182 0.0000000000
112351  -12.373  -67.703  8.743 0.0000000000
112352  -12.647  -68.007  8.190 0.0000000000
112353  -11.967  -68.214  8.294 0.0000000000
114487  -22.348  -73.210  5.563 0.0000000000
114488  -22.300  -73.521  5.152 0.0000000000
114489  -22.647  -73.210  4.744 0.0000000000
114490  -23.037  -72.848  4.337 0.0000000000
114491  -22.582  -71.982  2.403 0.0000000000
114492  -23.006  -72.018  2.759 0.0000000000
114493  -23.225  -71.462  2.506 0.0000000000
114494  -23.814  -70.849  2.564 0.0000000000
114495  -24.369  -70.206  2.641 0.0000000000
114496  -24.925  -69.539  2.823 0.0000000000
114497  -24.531  -69.568  2.412 0.0000000000
114498  -24.742  -68.930  2.189 0.0000000000
114499  -24.939  -68.172  1.959 0.0000000000
114500  -25.046  -67.458  1.754 0.0000000000
114501  -24.434  -68.176  1.593 0.0000000000
114502  -23.855  -68.141  1.313 0.0000000000
114503  -23.236  -68.075  1.081 0.0000000000
114504  -19.458  -69.426  0.974 0.0000000000
114505  -20.293  -68.977  0.932 0.0000000000
114506  -19.411  -68.802  0.857 0.0000000000
114507  -19.318  -68.149  0.750 0.0000000000
114508  -19.262  -67.499  0.665 0.0000000000
114509  -19.204  -66.833  0.622 0.0000000000
114510  -18.301  -67.273  0.696 0.0000000000
114511  -17.283  -67.009  0.741 0.0000000000
114512  -16.254  -66.725  0.797 0.0000000000
114548  -10.200  -67.076  2.708 0.0000000000
114549  -11.140  -66.848  2.381 0.0000000000
114550  -12.144  -66.672  2.010 0.0000000000
114551  -11.276  -66.334  2.253 0.0000000000
114552  -11.380  -65.848  2.136 0.0000000000
114553  -11.603  -65.275  1.971 0.0000000000
114554  -11.747  -64.722  1.735 0.0000000000
114555  -10.915  -64.988  2.094 0.0000000000
114556  -10.264  -64.743  2.189 0.0000000000
114557  -9.763  -64.417  2.170 0.0000000000
119189  -25.155  -63.334  1.141 0.0000000000
119190  -24.589  -64.027  0.797 0.0000000000
119191  -23.953  -64.691  0.479 0.0000000000
126390  -18.059  -68.211  7.649 0.0000000000
126391  -17.925  -68.641  7.450 0.0000000000
126392  -17.841  -69.089  7.609 0.0000000000
126393  -17.735  -69.567  7.917 0.0000000000
126394  -17.392  -69.322  7.673 0.0000000000
126395  -16.875  -69.586  7.688 0.0000000000
126396  -16.375  -69.882  7.919 0.0000000000
126397  -16.086  -69.007  7.257 0.0000000000
126398  -15.978  -69.653  7.666 0.0000000000
126399  -15.898  -70.196  8.300 0.0000000000
126400  -15.399  -70.525  8.759 0.0000000000
128092  -21.890  -72.532  2.398 0.0000000000
128093  -22.005  -71.985  2.132 0.0000000000
128094  -22.119  -71.360  1.887 0.0000000000
128095  -22.267  -70.699  1.646 0.0000000000
128096  -22.339  -70.029  1.435 0.0000000000
128097  -21.679  -70.600  1.437 0.0000000000
128098  -21.005  -70.468  1.270 0.0000000000
128099  -20.239  -70.298  1.141 0.0000000000
128100  -19.443  -71.358  1.407 0.0000000000
128101  -19.465  -70.731  1.252 0.0000000000
128102  -19.535  -70.064  1.089 0.0000000000
128103  -18.675  -69.842  1.052 0.0000000000
128104  -17.711  -69.594  1.067 0.0000000000
128105  -16.635  -69.267  1.199 0.0000000000
128137  -8.197  -66.222  2.820 0.0000000000
128138  -8.424  -65.781  2.611 0.0000000000
128139  -7.798  -66.014  2.653 0.0000000000
128140  -7.488  -65.866  2.425 0.0000000000
137248  -21.174  -72.151  7.470 0.0000000000
137249  -21.689  -72.138  7.152 0.0000000000
137250  -21.290  -72.598  7.161 0.0000000000
137251  -21.368  -73.057  6.795 0.0000000000
137252  -21.411  -73.514  6.397 0.0000000000
139410  -18.768  -63.307  0.004 0.0000000000
139411  -17.486  -63.833  0.183 0.0000000000
158035  -22.090  -69.664  8.016 0.0000000000
158036  -21.784  -70.233  7.917 0.0000000000
158037  -21.475  -70.794  7.846 0.0000000000
158058  -20.816  -68.273  8.441 0.0000000000
158059  -20.100  -68.572  8.349 0.0000000000
158060  -20.443  -68.785  8.441 0.0000000000
158061  -20.789  -68.995  8.484 0.0000000000
158062  -20.946  -69.753  8.285 0.0000000000
158063  -21.038  -70.531  8.068 0.0000000000
158064  -21.105  -71.347  7.805 0.0000000000
158065  -20.781  -71.827  7.792 0.0000000000
158066  -20.397  -72.280  7.840 0.0000000000
158067  -19.979  -72.750  7.936 0.0000000000
158068  -19.536  -71.607  8.279 0.0000000000
158069  -19.563  -72.401  8.220 0.0000000000
158070  -19.581  -73.236  8.122 0.0000000000
158074  -17.669  -70.108  8.212 0.0000000000
158075  -17.651  -70.818  8.591 0.0000000000
158076  -17.685  -71.659  8.899 0.0000000000
158077  -16.722  -71.567  9.329 0.0000000000
158078  -17.239  -72.051  9.263 0.0000000000
158079  -17.743  -72.529  9.125 0.0000000000
158147  -14.283  -68.014  7.536 0.0000000000
158148  -14.072  -68.660  7.393 0.0000000000
158149  -12.991  -68.376  7.740 0.0000000000
158150  -13.499  -68.937  7.674 0.0000000000
158151  -13.982  -69.424  7.809 0.0000000000
158152  -13.926  -70.147  8.602 0.0000000000
162412  -22.207  -72.101  6.840 0.0000000000
162413  -22.699  -71.918  6.532 0.0000000000
162415  -22.809  -72.649  5.612 0.0000000000
162416  -23.234  -72.067  5.745 0.0000000000
162422  -22.807  -72.992  3.880 0.0000000000
162423  -23.331  -72.424  3.960 0.0000000000
162424  -23.333  -72.041  3.176 0.0000000000
162425  -23.601  -71.986  3.629 0.0000000000
162426  -23.845  -71.818  4.047 0.0000000000
162427  -24.325  -71.138  4.169 0.0000000000
162433  -25.361  -68.824  2.994 0.0000000000
162440  -25.935  -65.338  1.985 0.0000000000
162441  -25.531  -65.385  1.531 0.0000000000
162442  -25.121  -66.764  1.535 0.0000000000
162443  -25.101  -66.110  1.309 0.0000000000
162444  -25.093  -65.437  1.091 0.0000000000
162445  -24.539  -65.493  0.720 0.0000000000
162446  -23.958  -65.436  0.547 0.0000000000
162447  -23.322  -65.338  0.436 0.0000000000
162448  -22.488  -69.337  1.216 0.0000000000
162449  -22.475  -68.654  1.058 0.0000000000
162450  -22.569  -67.975  0.892 0.0000000000
162451  -21.011  -68.498  0.863 0.0000000000
162452  -21.779  -67.915  0.780 0.0000000000
162453  -22.572  -67.304  0.719 0.0000000000
162454  -22.608  -66.630  0.568 0.0000000000
162455  -22.558  -65.952  0.446 0.0000000000
162456  -22.607  -65.260  0.316 0.0000000000
162457  -21.800  -65.150  0.311 0.0000000000
162458  -20.956  -65.058  0.337 0.0000000000
162459  -20.101  -64.980  0.379 0.0000000000
162460  -19.216  -66.183  0.531 0.0000000000
162461  -19.159  -65.508  0.512 0.0000000000
162462  -19.290  -64.811  0.367 0.0000000000
162463  -18.360  -64.670  0.325 0.0000000000
162464  -17.374  -64.533  0.303 0.0000000000
162465  -16.411  -64.340  0.394 0.0000000000
162527  -15.502  -69.467  1.461 0.0000000000
162528  -15.426  -68.847  1.374 0.0000000000
162535  -13.237  -68.713  2.008 0.0000000000
162536  -14.271  -68.442  1.597 0.0000000000
162537  -15.345  -68.190  1.301 0.0000000000
162538  -15.254  -67.575  1.163 0.0000000000
162539  -15.191  -66.988  1.042 0.0000000000
162540  -15.198  -66.450  0.946 0.0000000000
162541  -13.168  -66.460  1.613 0.0000000000
162542  -14.185  -66.196  1.211 0.0000000000
162543  -15.260  -65.957  0.821 0.0000000000
162544  -15.343  -65.365  0.733 0.0000000000
162545  -15.366  -64.768  0.641 0.0000000000
162546  -15.531  -64.105  0.512 0.0000000000
162547  -14.732  -63.866  0.621 0.0000000000
162548  -13.909  -63.627  0.725 0.0000000000
162549  -13.114  -63.236  0.732 0.0000000000
162550  -11.979  -64.199  1.386 0.0000000000
162551  -12.165  -63.509  1.054 0.0000000000
162552  -12.388  -62.824  0.775 0.0000000000
162553  -11.744  -62.399  0.829 0.0000000000
162556  -8.772  -65.295  2.421 0.0000000000
162557  -9.007  -64.690  2.274 0.0000000000
162558  -9.341  -64.064  2.078 0.0000000000
162559  -8.523  -64.114  1.762 0.0000000000
162560  -9.005  -63.707  1.896 0.0000000000
162561  -9.631  -63.349  1.783 0.0000000000
