#!ascii label  , from subject fsaverage vox2ras=TkReg coords=white
373
439  9.232  -60.929  2.578 0.0000000000
968  20.888  -66.258  1.831 0.0000000000
970  17.241  -61.854  1.365 0.0000000000
1230  23.120  -68.914  7.732 0.0000000000
2311  24.333  -69.307  4.223 0.0000000000
2888  23.472  -64.141  1.116 0.0000000000
2889  18.862  -64.063  1.394 0.0000000000
2890  21.584  -61.956  0.627 0.0000000000
4346  9.837  -62.556  4.346 0.0000000000
5132  25.143  -67.370  7.103 0.0000000000
5133  24.247  -69.682  6.124 0.0000000000
5134  26.296  -67.649  5.641 0.0000000000
5135  26.360  -67.054  3.779 0.0000000000
6353  13.881  -63.483  2.577 0.0000000000
6354  12.771  -61.349  2.676 0.0000000000
6823  21.550  -66.930  7.926 0.0000000000
6824  23.514  -66.152  7.734 0.0000000000
8538  11.713  -59.524  1.381 0.0000000000
8541  9.720  -59.074  0.537 0.0000000000
9492  23.181  -67.989  2.734 0.0000000000
9493  25.482  -65.716  2.123 0.0000000000
10569  22.538  -63.042  0.838 0.0000000000
12026  9.629  -61.628  3.676 0.0000000000
12028  8.275  -61.703  3.113 0.0000000000
12030  8.524  -61.202  1.828 0.0000000000
12812  25.957  -66.399  6.954 0.0000000000
12813  25.809  -67.686  6.444 0.0000000000
12814  26.589  -66.540  6.297 0.0000000000
12815  27.030  -66.477  5.575 0.0000000000
14423  19.442  -67.181  2.273 0.0000000000
14425  18.305  -65.983  2.066 0.0000000000
14426  18.010  -62.952  1.299 0.0000000000
14427  16.310  -63.863  1.762 0.0000000000
14428  15.640  -62.791  1.851 0.0000000000
14429  13.428  -62.408  2.717 0.0000000000
14430  15.044  -61.649  2.023 0.0000000000
15209  19.809  -66.051  7.590 0.0000000000
15210  20.456  -67.204  8.143 0.0000000000
15211  20.931  -65.931  7.674 0.0000000000
15213  22.781  -65.384  7.828 0.0000000000
18817  13.876  -59.845  1.154 0.0000000000
18825  10.836  -57.880  0.341 0.0000000000
21157  22.060  -69.449  8.324 0.0000000000
21159  22.585  -70.123  7.580 0.0000000000
21160  24.437  -69.607  5.192 0.0000000000
21161  23.251  -70.471  5.635 0.0000000000
21162  23.114  -70.236  4.641 0.0000000000
21164  22.576  -69.712  3.788 0.0000000000
21165  21.860  -68.965  3.135 0.0000000000
21166  23.896  -68.707  3.440 0.0000000000
21168  26.088  -66.447  2.849 0.0000000000
23630  22.233  -65.304  1.420 0.0000000000
23631  19.823  -65.090  1.548 0.0000000000
23632  21.340  -64.183  1.187 0.0000000000
23633  20.319  -63.055  0.987 0.0000000000
23634  19.480  -61.911  0.911 0.0000000000
27670  24.195  -68.250  7.329 0.0000000000
27671  23.742  -69.474  6.980 0.0000000000
27672  24.867  -68.698  6.691 0.0000000000
27673  25.315  -68.795  5.796 0.0000000000
27674  25.507  -68.589  4.889 0.0000000000
27675  25.390  -68.215  3.933 0.0000000000
27676  26.401  -67.440  4.727 0.0000000000
27677  27.265  -66.228  4.606 0.0000000000
30181  17.252  -64.876  1.915 0.0000000000
30182  14.561  -64.559  2.548 0.0000000000
30184  11.761  -62.978  3.577 0.0000000000
30185  11.401  -61.881  3.517 0.0000000000
30186  10.757  -61.092  2.934 0.0000000000
31280  21.298  -68.354  8.603 0.0000000000
31281  22.375  -68.030  8.105 0.0000000000
31282  21.908  -65.732  7.758 0.0000000000
31283  22.548  -66.613  7.813 0.0000000000
31284  23.402  -67.540  7.823 0.0000000000
31285  24.299  -66.782  7.565 0.0000000000
35874  18.814  -60.763  0.829 0.0000000000
35877  16.705  -60.739  1.236 0.0000000000
35878  14.385  -60.754  1.730 0.0000000000
35879  12.028  -60.581  2.092 0.0000000000
35880  10.252  -60.195  1.978 0.0000000000
35887  11.892  -58.250  0.609 0.0000000000
35888  10.433  -59.090  1.163 0.0000000000
35889  9.321  -60.107  1.486 0.0000000000
35890  8.967  -60.473  0.596 0.0000000000
38706  23.035  -70.464  6.645 0.0000000000
38713  20.791  -68.132  2.626 0.0000000000
38714  22.142  -67.117  2.207 0.0000000000
38715  25.017  -67.686  3.104 0.0000000000
38716  24.297  -66.954  2.452 0.0000000000
38717  23.368  -66.103  1.846 0.0000000000
38718  24.595  -64.926  1.529 0.0000000000
42746  9.394  -61.221  3.243 0.0000000000
42747  8.855  -61.590  3.514 0.0000000000
42748  8.814  -61.279  2.896 0.0000000000
42749  8.381  -61.461  2.476 0.0000000000
42750  8.788  -61.008  2.221 0.0000000000
43533  26.296  -66.531  6.634 0.0000000000
45143  20.136  -66.732  2.059 0.0000000000
45144  18.879  -66.574  2.140 0.0000000000
45145  19.610  -66.141  1.906 0.0000000000
45146  17.649  -62.393  1.320 0.0000000000
45147  16.811  -62.880  1.548 0.0000000000
45148  16.437  -62.358  1.614 0.0000000000
45149  15.333  -62.219  1.962 0.0000000000
45150  16.151  -61.763  1.676 0.0000000000
45928  19.511  -65.501  7.818 0.0000000000
45929  20.146  -65.515  7.820 0.0000000000
45930  20.394  -66.003  7.618 0.0000000000
45931  20.634  -65.535  7.847 0.0000000000
51877  22.596  -69.198  8.016 0.0000000000
51878  22.330  -69.836  7.982 0.0000000000
51879  22.887  -69.548  7.674 0.0000000000
51880  24.457  -69.485  4.702 0.0000000000
51881  23.815  -69.951  4.882 0.0000000000
51882  23.732  -69.783  4.409 0.0000000000
51883  22.859  -70.008  4.177 0.0000000000
51884  23.497  -69.543  3.981 0.0000000000
51885  23.240  -69.222  3.608 0.0000000000
51886  24.127  -69.035  3.828 0.0000000000
54743  22.929  -64.727  1.262 0.0000000000
54744  21.819  -64.719  1.283 0.0000000000
54745  22.431  -64.184  1.112 0.0000000000
54746  22.050  -62.509  0.721 0.0000000000
54747  21.460  -63.065  0.893 0.0000000000
54748  20.980  -62.513  0.797 0.0000000000
54749  19.888  -62.483  0.916 0.0000000000
54750  20.546  -61.938  0.749 0.0000000000
61477  24.691  -67.841  7.213 0.0000000000
61478  24.562  -68.510  7.028 0.0000000000
61479  25.050  -68.053  6.933 0.0000000000
61480  26.060  -67.704  6.048 0.0000000000
61481  25.610  -68.294  6.123 0.0000000000
61482  25.817  -68.282  5.679 0.0000000000
61483  25.452  -68.714  5.369 0.0000000000
61484  25.939  -68.141  5.265 0.0000000000
61485  26.008  -68.000  4.812 0.0000000000
61486  26.364  -67.562  5.191 0.0000000000
61488  27.169  -66.369  5.125 0.0000000000
66316  19.372  -64.561  1.502 0.0000000000
66317  18.600  -64.969  1.729 0.0000000000
66318  18.089  -64.466  1.640 0.0000000000
66319  15.089  -63.678  2.137 0.0000000000
66320  15.494  -64.204  2.120 0.0000000000
66321  14.159  -64.026  2.574 0.0000000000
66322  13.293  -64.365  3.027 0.0000000000
66323  12.994  -63.819  3.051 0.0000000000
66325  12.757  -63.279  3.048 0.0000000000
66326  13.172  -61.877  2.731 0.0000000000
66327  12.403  -62.155  3.145 0.0000000000
66328  12.148  -61.626  3.076 0.0000000000
66329  11.173  -61.451  3.246 0.0000000000
66330  11.712  -61.227  2.857 0.0000000000
68672  21.001  -67.101  8.036 0.0000000000
68673  20.857  -67.778  8.479 0.0000000000
68674  21.409  -67.648  8.285 0.0000000000
68675  21.842  -68.220  8.350 0.0000000000
68676  21.957  -67.504  8.102 0.0000000000
68678  21.657  -65.398  7.954 0.0000000000
68679  22.082  -65.237  8.061 0.0000000000
68680  23.124  -65.729  7.708 0.0000000000
68681  22.680  -65.959  7.705 0.0000000000
68682  23.032  -66.391  7.779 0.0000000000
68683  22.985  -67.104  7.880 0.0000000000
68684  23.443  -66.830  7.775 0.0000000000
68685  23.835  -67.213  7.663 0.0000000000
68686  23.880  -66.481  7.677 0.0000000000
79485  17.510  -60.211  0.876 0.0000000000
79486  16.398  -60.292  1.064 0.0000000000
79487  15.546  -60.747  1.471 0.0000000000
79488  15.284  -60.337  1.249 0.0000000000
79489  12.733  -59.715  1.305 0.0000000000
79490  12.869  -60.216  1.631 0.0000000000
79491  11.749  -60.033  1.725 0.0000000000
79492  10.997  -60.400  2.081 0.0000000000
79493  10.875  -59.837  1.709 0.0000000000
79511  12.016  -57.582  0.247 0.0000000000
79512  10.250  -58.412  0.471 0.0000000000
79513  10.557  -58.538  0.753 0.0000000000
79514  10.029  -59.010  0.897 0.0000000000
79515  9.816  -59.552  1.326 0.0000000000
79516  9.483  -59.598  1.000 0.0000000000
79517  9.093  -60.239  1.073 0.0000000000
79518  9.327  -59.738  0.590 0.0000000000
86520  24.040  -69.593  6.569 0.0000000000
86521  23.454  -69.948  6.824 0.0000000000
86522  23.654  -70.039  6.340 0.0000000000
86537  22.517  -68.463  2.929 0.0000000000
86538  21.357  -68.545  2.861 0.0000000000
86539  22.064  -68.073  2.652 0.0000000000
86540  21.495  -67.660  2.387 0.0000000000
86541  22.723  -67.557  2.465 0.0000000000
86542  25.864  -67.660  3.874 0.0000000000
86543  25.208  -67.986  3.508 0.0000000000
86544  25.720  -67.418  3.423 0.0000000000
86545  25.809  -66.098  2.474 0.0000000000
86546  25.265  -66.751  2.625 0.0000000000
86547  24.908  -66.361  2.279 0.0000000000
86548  23.875  -66.478  2.103 0.0000000000
86549  24.504  -65.935  1.958 0.0000000000
86550  24.013  -65.538  1.694 0.0000000000
86551  25.057  -65.315  1.802 0.0000000000
92751  23.016  -63.603  0.953 0.0000000000
95374  9.747  -62.073  4.097 0.0000000000
95380  7.932  -61.949  2.623 0.0000000000
95381  8.102  -61.739  1.991 0.0000000000
95382  8.337  -61.527  1.346 0.0000000000
96790  25.549  -66.879  7.008 0.0000000000
96791  25.497  -67.551  6.812 0.0000000000
96792  25.922  -67.056  6.717 0.0000000000
96793  26.218  -67.120  6.363 0.0000000000
96794  26.467  -67.105  5.997 0.0000000000
96795  26.667  -67.070  5.607 0.0000000000
96796  26.851  -66.519  5.951 0.0000000000
99689  18.674  -67.563  2.545 0.0000000000
99691  18.146  -66.989  2.390 0.0000000000
99692  17.529  -66.386  2.314 0.0000000000
99693  16.960  -65.813  2.281 0.0000000000
99694  18.415  -63.542  1.309 0.0000000000
99695  17.594  -63.981  1.526 0.0000000000
99696  17.162  -63.440  1.503 0.0000000000
99697  15.967  -63.319  1.786 0.0000000000
99698  14.817  -63.158  2.163 0.0000000000
99699  13.645  -62.991  2.656 0.0000000000
99700  14.490  -62.607  2.272 0.0000000000
99701  14.224  -62.049  2.350 0.0000000000
99702  13.905  -61.488  2.425 0.0000000000
101104  19.090  -66.075  7.665 0.0000000000
101105  19.478  -66.681  7.986 0.0000000000
101106  19.851  -67.294  8.347 0.0000000000
101107  20.127  -66.627  7.805 0.0000000000
101108  20.685  -66.529  7.782 0.0000000000
101109  21.219  -66.414  7.753 0.0000000000
101111  22.475  -65.101  8.077 0.0000000000
101113  23.202  -65.109  7.891 0.0000000000
101114  23.492  -65.445  7.739 0.0000000000
101115  23.874  -65.773  7.701 0.0000000000
107597  15.087  -59.910  0.942 0.0000000000
107598  14.825  -59.411  0.665 0.0000000000
107599  13.707  -59.304  0.842 0.0000000000
107600  12.604  -59.144  0.981 0.0000000000
107611  11.489  -57.355  0.114 0.0000000000
107615  9.682  -59.222  0.080 0.0000000000
111811  21.532  -69.604  8.624 0.0000000000
111813  21.789  -70.053  8.284 0.0000000000
111814  22.029  -70.382  7.889 0.0000000000
111815  22.270  -70.575  7.477 0.0000000000
111816  24.378  -69.691  5.692 0.0000000000
111817  23.763  -70.115  5.882 0.0000000000
111818  23.830  -70.064  5.377 0.0000000000
111819  23.221  -70.380  5.140 0.0000000000
111825  21.189  -69.439  3.355 0.0000000000
111826  22.273  -69.374  3.424 0.0000000000
111827  22.950  -68.849  3.232 0.0000000000
111828  23.567  -68.360  3.047 0.0000000000
111829  26.839  -66.414  3.651 0.0000000000
111830  26.251  -66.798  3.299 0.0000000000
111831  26.744  -66.137  3.154 0.0000000000
111832  26.572  -65.787  2.720 0.0000000000
111833  26.306  -65.421  2.346 0.0000000000
111834  25.995  -65.018  1.972 0.0000000000
116576  21.570  -65.792  1.612 0.0000000000
116577  20.360  -65.687  1.662 0.0000000000
116578  21.043  -65.218  1.444 0.0000000000
116579  20.622  -64.653  1.364 0.0000000000
116580  20.108  -64.113  1.300 0.0000000000
116581  21.952  -63.658  1.006 0.0000000000
116582  20.773  -63.598  1.097 0.0000000000
116583  19.595  -63.559  1.199 0.0000000000
116584  19.162  -63.034  1.106 0.0000000000
116585  18.788  -62.442  1.090 0.0000000000
116586  18.378  -61.876  1.108 0.0000000000
126004  23.634  -68.596  7.499 0.0000000000
126005  23.427  -69.229  7.388 0.0000000000
126006  24.003  -68.896  7.173 0.0000000000
126007  24.344  -69.137  6.804 0.0000000000
126008  24.595  -69.231  6.385 0.0000000000
126009  25.354  -68.213  6.569 0.0000000000
126010  25.115  -68.783  6.260 0.0000000000
126011  24.789  -69.261  5.947 0.0000000000
126012  24.935  -69.225  5.507 0.0000000000
126013  24.998  -69.114  5.026 0.0000000000
126014  24.985  -68.989  4.511 0.0000000000
126015  24.888  -68.799  4.069 0.0000000000
126016  25.508  -68.429  4.416 0.0000000000
126017  26.003  -67.841  4.352 0.0000000000
126018  26.443  -67.251  4.267 0.0000000000
126019  26.751  -66.983  5.143 0.0000000000
126020  26.846  -66.835  4.671 0.0000000000
126021  26.903  -66.648  4.165 0.0000000000
126022  27.297  -66.013  4.037 0.0000000000
132385  19.100  -65.559  1.788 0.0000000000
132386  17.784  -65.387  1.992 0.0000000000
132387  16.406  -65.272  2.223 0.0000000000
132388  16.803  -64.350  1.838 0.0000000000
132389  15.901  -64.741  2.183 0.0000000000
132390  15.040  -65.086  2.547 0.0000000000
132391  13.730  -64.872  2.947 0.0000000000
132396  10.769  -62.733  4.026 0.0000000000
132397  12.614  -62.707  3.135 0.0000000000
132398  11.591  -62.431  3.586 0.0000000000
132399  10.589  -62.198  3.985 0.0000000000
132400  10.479  -61.730  3.674 0.0000000000
132401  10.249  -61.324  3.309 0.0000000000
132402  9.896  -60.953  2.884 0.0000000000
135370  20.316  -67.919  8.688 0.0000000000
135371  20.711  -68.505  8.859 0.0000000000
135372  21.140  -69.069  8.860 0.0000000000
135373  21.725  -68.916  8.565 0.0000000000
135374  22.257  -68.747  8.271 0.0000000000
135375  22.791  -68.547  7.976 0.0000000000
135376  21.167  -65.507  7.885 0.0000000000
135377  21.439  -65.870  7.719 0.0000000000
135378  21.725  -66.294  7.724 0.0000000000
135379  22.348  -65.575  7.795 0.0000000000
135380  22.206  -66.151  7.695 0.0000000000
135381  22.054  -66.791  7.855 0.0000000000
135382  22.480  -67.325  7.938 0.0000000000
135383  22.902  -67.802  7.932 0.0000000000
135384  23.288  -68.233  7.782 0.0000000000
135385  23.793  -67.907  7.614 0.0000000000
135386  24.290  -67.556  7.468 0.0000000000
135387  24.767  -67.139  7.353 0.0000000000
135388  24.289  -66.059  7.608 0.0000000000
135389  24.743  -66.342  7.488 0.0000000000
135390  25.166  -66.648  7.262 0.0000000000
148607  19.147  -61.370  0.887 0.0000000000
148608  18.054  -61.294  1.093 0.0000000000
148615  18.542  -60.215  0.721 0.0000000000
148616  17.770  -60.732  1.021 0.0000000000
148617  16.968  -61.244  1.353 0.0000000000
148618  15.855  -61.183  1.646 0.0000000000
148619  14.720  -61.150  1.926 0.0000000000
148620  13.558  -61.076  2.223 0.0000000000
148621  14.115  -60.353  1.455 0.0000000000
148622  13.218  -60.701  1.963 0.0000000000
148623  12.397  -60.978  2.427 0.0000000000
148624  11.261  -60.882  2.545 0.0000000000
148625  10.419  -60.678  2.475 0.0000000000
148626  9.797  -60.538  2.298 0.0000000000
148647  11.775  -58.865  0.994 0.0000000000
148648  11.263  -58.029  0.535 0.0000000000
148649  11.089  -58.662  0.920 0.0000000000
148650  10.967  -59.246  1.330 0.0000000000
148651  10.280  -59.635  1.580 0.0000000000
148652  9.733  -60.042  1.784 0.0000000000
148653  9.274  -60.521  2.006 0.0000000000
148654  8.938  -60.668  1.650 0.0000000000
148655  8.720  -60.927  1.166 0.0000000000
148656  8.614  -61.301  0.686 0.0000000000
148657  9.308  -60.037  0.071 0.0000000000
157074  23.153  -69.819  7.276 0.0000000000
157075  22.850  -70.326  7.138 0.0000000000
157077  23.143  -70.533  6.124 0.0000000000
157095  20.689  -69.013  3.055 0.0000000000
157096  20.082  -68.558  2.783 0.0000000000
157097  19.436  -68.068  2.651 0.0000000000
157098  20.116  -67.644  2.427 0.0000000000
157099  20.832  -67.189  2.201 0.0000000000
157100  21.507  -66.692  2.001 0.0000000000
157101  24.689  -68.525  3.647 0.0000000000
157102  24.468  -68.258  3.226 0.0000000000
157103  24.123  -67.887  2.904 0.0000000000
157104  25.570  -67.074  2.979 0.0000000000
157105  24.653  -67.368  2.793 0.0000000000
157106  23.717  -67.496  2.619 0.0000000000
157107  23.312  -67.001  2.307 0.0000000000
157108  22.744  -66.618  2.019 0.0000000000
157109  22.158  -66.231  1.792 0.0000000000
157110  22.828  -65.707  1.620 0.0000000000
157111  23.489  -65.133  1.460 0.0000000000
157112  24.074  -64.539  1.308 0.0000000000
157113  25.580  -64.686  1.659 0.0000000000
157114  25.129  -64.344  1.388 0.0000000000
