#!ascii label  , from subject fsaverage vox2ras=TkReg coords=white
340
442  -15.827  -96.923  -2.092 0.0000000000
976  -16.260  -100.060  -6.514 0.0000000000
977  -15.565  -97.539  -11.542 0.0000000000
1993  -12.331  -95.856  -12.665 0.0000000000
2366  -10.577  -101.408  0.087 0.0000000000
2367  -16.266  -101.595  -1.137 0.0000000000
4369  -15.602  -97.554  -14.284 0.0000000000
4370  -13.477  -97.270  -12.951 0.0000000000
4371  -14.760  -96.163  -13.767 0.0000000000
5269  -11.158  -102.409  2.246 0.0000000000
5270  -13.043  -102.143  -0.975 0.0000000000
5271  -14.195  -102.318  1.635 0.0000000000
6364  -15.769  -98.792  -4.348 0.0000000000
6365  -17.017  -96.580  -7.367 0.0000000000
6366  -17.079  -98.174  -9.358 0.0000000000
6367  -16.877  -98.486  -13.283 0.0000000000
8559  -14.599  -96.487  -9.507 0.0000000000
8560  -11.881  -96.785  -10.618 0.0000000000
9654  -12.490  -99.483  -0.784 0.0000000000
9655  -13.471  -101.212  -3.085 0.0000000000
9656  -15.989  -102.043  -4.103 0.0000000000
9664  -17.378  -101.030  1.367 0.0000000000
12048  -16.875  -95.746  -3.745 0.0000000000
12049  -16.101  -97.144  -14.690 0.0000000000
12050  -15.046  -96.891  -14.195 0.0000000000
12051  -15.872  -96.470  -13.965 0.0000000000
12950  -12.629  -102.504  1.960 0.0000000000
14446  -15.778  -99.660  -5.528 0.0000000000
14447  -16.709  -98.376  -6.781 0.0000000000
14448  -16.846  -98.949  -7.836 0.0000000000
18864  -16.276  -97.059  -9.676 0.0000000000
18865  -15.981  -96.279  -8.701 0.0000000000
18866  -15.042  -97.013  -10.547 0.0000000000
18867  -12.750  -96.785  -12.974 0.0000000000
18868  -12.575  -97.136  -11.749 0.0000000000
18869  -11.803  -96.617  -11.969 0.0000000000
21569  -11.307  -100.495  -0.512 0.0000000000
21570  -12.922  -100.288  -2.032 0.0000000000
21571  -12.003  -101.175  -1.527 0.0000000000
21572  -14.592  -102.036  -1.024 0.0000000000
21573  -14.527  -102.218  -2.546 0.0000000000
21574  -16.098  -102.073  -2.581 0.0000000000
21575  -17.468  -101.754  -4.089 0.0000000000
21576  -17.558  -101.652  -2.576 0.0000000000
23644  -17.273  -100.224  -7.023 0.0000000000
23645  -17.336  -99.275  -8.512 0.0000000000
26295  -15.320  -97.752  -13.186 0.0000000000
26296  -14.453  -97.431  -12.416 0.0000000000
26297  -14.545  -97.285  -13.692 0.0000000000
26298  -13.918  -96.772  -13.749 0.0000000000
26299  -13.519  -96.027  -13.331 0.0000000000
27917  -10.602  -102.002  1.109 0.0000000000
27918  -11.620  -101.913  -0.570 0.0000000000
27919  -11.938  -102.358  0.668 0.0000000000
27920  -13.407  -102.398  0.498 0.0000000000
27921  -14.938  -101.881  0.327 0.0000000000
30208  -15.824  -97.856  -3.115 0.0000000000
30209  -16.910  -96.625  -4.692 0.0000000000
30210  -16.784  -97.549  -5.763 0.0000000000
30211  -17.044  -97.472  -8.332 0.0000000000
30212  -16.513  -97.839  -10.613 0.0000000000
30213  -17.160  -98.719  -10.014 0.0000000000
30214  -16.765  -98.387  -11.450 0.0000000000
30215  -16.063  -98.035  -12.515 0.0000000000
30216  -16.155  -98.145  -13.964 0.0000000000
35937  -16.789  -95.752  -6.491 0.0000000000
35938  -15.584  -95.597  -7.713 0.0000000000
35939  -14.048  -95.844  -8.511 0.0000000000
35940  -13.688  -97.165  -11.324 0.0000000000
35941  -13.112  -96.783  -10.132 0.0000000000
39198  -14.223  -98.257  -1.095 0.0000000000
39199  -14.338  -99.277  -2.401 0.0000000000
39200  -14.383  -100.212  -3.546 0.0000000000
39201  -15.008  -100.882  -4.803 0.0000000000
39202  -13.128  -101.776  -2.205 0.0000000000
39203  -14.585  -101.876  -3.983 0.0000000000
39204  -16.002  -101.304  -5.527 0.0000000000
39205  -17.320  -101.178  -5.622 0.0000000000
39227  -15.803  -101.835  1.449 0.0000000000
39228  -16.568  -101.178  0.185 0.0000000000
39231  -17.767  -101.030  -1.049 0.0000000000
42766  -15.751  -96.516  -1.654 0.0000000000
42767  -16.358  -95.942  -2.433 0.0000000000
42768  -16.440  -96.330  -2.884 0.0000000000
42770  -15.895  -96.808  -14.379 0.0000000000
45166  -15.954  -99.899  -6.070 0.0000000000
45167  -16.360  -99.311  -6.674 0.0000000000
45168  -16.544  -99.515  -7.137 0.0000000000
49584  -15.849  -97.323  -10.571 0.0000000000
49585  -15.739  -96.990  -10.170 0.0000000000
49586  -15.311  -97.268  -11.039 0.0000000000
49587  -12.530  -96.310  -12.837 0.0000000000
49588  -12.242  -96.699  -12.500 0.0000000000
49589  -12.016  -96.245  -12.418 0.0000000000
49590  -11.538  -96.203  -11.955 0.0000000000
49591  -11.815  -95.810  -12.279 0.0000000000
52285  -10.000  -101.400  1.075 0.0000000000
52287  -10.204  -101.056  0.621 0.0000000000
52288  -10.593  -100.619  0.345 0.0000000000
52289  -10.892  -100.966  -0.259 0.0000000000
52290  -11.598  -100.848  -1.108 0.0000000000
52291  -11.279  -101.285  -0.742 0.0000000000
52292  -15.421  -101.842  -1.078 0.0000000000
52293  -15.357  -102.062  -1.816 0.0000000000
52294  -16.194  -101.966  -1.793 0.0000000000
52295  -16.853  -101.908  -2.564 0.0000000000
52296  -16.917  -101.694  -1.835 0.0000000000
59184  -15.431  -97.685  -13.763 0.0000000000
59185  -14.945  -97.520  -13.478 0.0000000000
59186  -15.111  -97.369  -13.925 0.0000000000
59187  -14.863  -96.538  -14.007 0.0000000000
59188  -14.492  -96.808  -13.982 0.0000000000
59189  -14.302  -96.491  -13.824 0.0000000000
59190  -13.708  -96.428  -13.585 0.0000000000
59191  -14.133  -96.129  -13.582 0.0000000000
59192  -13.976  -95.722  -13.239 0.0000000000
59193  -14.635  -95.765  -13.349 0.0000000000
61885  -10.803  -102.267  3.002 0.0000000000
61887  -10.420  -102.256  2.502 0.0000000000
61888  -10.190  -101.999  2.010 0.0000000000
61889  -10.814  -102.222  1.646 0.0000000000
61890  -11.241  -102.210  0.857 0.0000000000
61891  -11.533  -102.397  1.441 0.0000000000
61892  -13.410  -102.426  1.772 0.0000000000
61893  -13.019  -102.468  1.217 0.0000000000
61894  -13.784  -102.359  1.089 0.0000000000
61895  -14.171  -102.170  0.427 0.0000000000
61896  -14.547  -102.193  0.972 0.0000000000
66376  -15.782  -98.311  -3.726 0.0000000000
66377  -16.403  -97.752  -4.356 0.0000000000
66378  -16.358  -98.157  -4.973 0.0000000000
66379  -17.052  -98.190  -8.019 0.0000000000
66380  -16.988  -97.875  -7.500 0.0000000000
66381  -17.065  -97.859  -8.852 0.0000000000
66382  -16.765  -97.665  -9.528 0.0000000000
66383  -16.858  -97.995  -10.036 0.0000000000
66384  -17.599  -99.097  -9.466 0.0000000000
66385  -17.271  -98.967  -9.257 0.0000000000
66386  -17.407  -98.923  -10.325 0.0000000000
66388  -17.030  -98.605  -11.804 0.0000000000
66389  -16.751  -98.417  -12.414 0.0000000000
66390  -16.475  -98.181  -12.049 0.0000000000
66391  -16.416  -98.267  -12.899 0.0000000000
66392  -16.049  -98.138  -13.282 0.0000000000
66393  -16.505  -98.342  -13.731 0.0000000000
79629  -17.002  -96.565  -6.106 0.0000000000
79630  -16.987  -96.109  -5.630 0.0000000000
79631  -16.881  -96.149  -6.965 0.0000000000
79632  -15.312  -96.339  -9.163 0.0000000000
79633  -15.784  -95.939  -8.219 0.0000000000
79634  -15.088  -96.021  -8.598 0.0000000000
79635  -14.828  -95.682  -8.143 0.0000000000
79636  -14.365  -96.152  -8.941 0.0000000000
79637  -13.940  -97.354  -12.711 0.0000000000
79638  -14.066  -97.321  -11.830 0.0000000000
79639  -13.462  -97.307  -12.208 0.0000000000
79640  -12.206  -96.975  -11.121 0.0000000000
79641  -12.715  -97.103  -10.902 0.0000000000
79642  -12.433  -96.842  -10.374 0.0000000000
79643  -12.835  -96.499  -9.645 0.0000000000
79644  -12.171  -96.550  -9.893 0.0000000000
87745  -11.618  -99.588  -0.008 0.0000000000
87747  -12.370  -99.094  -0.073 0.0000000000
87748  -13.230  -98.494  -0.207 0.0000000000
87749  -13.340  -98.885  -0.882 0.0000000000
87750  -14.307  -98.715  -1.712 0.0000000000
87751  -13.427  -99.366  -1.559 0.0000000000
87752  -13.151  -100.787  -2.618 0.0000000000
87753  -13.692  -100.273  -2.787 0.0000000000
87754  -13.859  -100.761  -3.384 0.0000000000
87755  -14.639  -100.587  -4.201 0.0000000000
87756  -14.208  -101.174  -3.875 0.0000000000
87757  -12.285  -102.064  -0.798 0.0000000000
87758  -12.286  -101.827  -1.392 0.0000000000
87759  -13.023  -101.984  -1.616 0.0000000000
87760  -15.264  -102.193  -3.345 0.0000000000
87761  -14.541  -102.117  -3.288 0.0000000000
87762  -15.235  -102.090  -4.095 0.0000000000
87763  -15.270  -101.655  -4.732 0.0000000000
87764  -15.929  -101.730  -4.841 0.0000000000
87765  -16.721  -101.269  -5.627 0.0000000000
87766  -16.699  -101.662  -4.881 0.0000000000
87820  -17.054  -101.320  1.883 0.0000000000
87821  -16.317  -101.708  1.951 0.0000000000
87822  -16.599  -101.463  1.376 0.0000000000
87823  -16.122  -101.487  0.818 0.0000000000
87824  -16.925  -101.075  0.808 0.0000000000
87831  -17.901  -100.727  -0.445 0.0000000000
95413  -16.760  -95.410  -3.245 0.0000000000
95414  -16.783  -95.274  -4.628 0.0000000000
95415  -15.810  -97.363  -14.595 0.0000000000
95416  -15.290  -97.232  -14.311 0.0000000000
95417  -15.577  -97.019  -14.418 0.0000000000
95418  -15.397  -96.651  -14.165 0.0000000000
95419  -15.246  -96.246  -13.847 0.0000000000
95420  -15.229  -95.912  -13.400 0.0000000000
95421  -15.864  -96.142  -13.453 0.0000000000
97037  -11.532  -102.366  2.771 0.0000000000
97038  -11.890  -102.483  2.086 0.0000000000
97039  -12.315  -102.413  2.609 0.0000000000
97040  -13.066  -102.404  2.442 0.0000000000
97041  -13.820  -102.344  2.310 0.0000000000
99730  -15.732  -99.275  -4.957 0.0000000000
99731  -16.291  -98.578  -5.584 0.0000000000
99732  -16.267  -98.992  -6.153 0.0000000000
99733  -16.772  -98.709  -7.302 0.0000000000
99734  -17.095  -98.442  -8.554 0.0000000000
99740  -17.047  -98.505  -14.073 0.0000000000
107682  -16.675  -96.763  -8.595 0.0000000000
107683  -16.593  -96.324  -8.097 0.0000000000
107684  -16.166  -96.652  -9.172 0.0000000000
107685  -15.523  -96.652  -9.675 0.0000000000
107686  -14.785  -96.754  -10.040 0.0000000000
107687  -13.087  -97.121  -13.065 0.0000000000
107688  -13.002  -97.243  -12.393 0.0000000000
107689  -12.599  -97.044  -12.454 0.0000000000
107690  -12.161  -96.916  -11.858 0.0000000000
107691  -11.772  -96.771  -11.311 0.0000000000
107692  -11.414  -96.588  -10.817 0.0000000000
107693  -11.392  -96.490  -11.445 0.0000000000
112552  -11.071  -100.117  0.131 0.0000000000
112553  -11.801  -99.987  -0.706 0.0000000000
112554  -12.679  -99.890  -1.428 0.0000000000
112555  -12.086  -100.368  -1.322 0.0000000000
112556  -12.406  -100.784  -1.863 0.0000000000
112557  -12.741  -101.215  -2.325 0.0000000000
112558  -13.853  -102.162  -1.002 0.0000000000
112559  -13.792  -102.100  -1.703 0.0000000000
112560  -14.585  -102.128  -1.753 0.0000000000
112561  -15.314  -102.177  -2.588 0.0000000000
112562  -16.043  -102.119  -3.358 0.0000000000
112563  -16.750  -101.971  -4.109 0.0000000000
112564  -16.807  -101.991  -3.336 0.0000000000
112565  -17.510  -101.772  -3.323 0.0000000000
116608  -16.708  -100.297  -6.810 0.0000000000
116609  -16.889  -99.681  -7.505 0.0000000000
116610  -17.308  -99.715  -7.741 0.0000000000
116611  -17.747  -99.279  -8.663 0.0000000000
122793  -15.387  -97.660  -12.449 0.0000000000
122794  -15.037  -97.462  -11.993 0.0000000000
122795  -14.912  -97.543  -12.841 0.0000000000
122796  -14.437  -97.421  -13.157 0.0000000000
122797  -13.997  -97.259  -13.374 0.0000000000
122798  -14.739  -97.094  -14.070 0.0000000000
122799  -14.183  -97.014  -13.754 0.0000000000
122800  -13.587  -97.072  -13.544 0.0000000000
122801  -13.323  -96.750  -13.456 0.0000000000
122802  -13.109  -96.370  -13.244 0.0000000000
122803  -12.897  -95.934  -13.005 0.0000000000
122804  -12.707  -95.511  -12.730 0.0000000000
122805  -13.299  -95.580  -13.025 0.0000000000
126580  -10.024  -101.720  1.516 0.0000000000
126581  -10.491  -101.715  0.598 0.0000000000
126582  -11.074  -101.687  -0.291 0.0000000000
126583  -11.062  -102.007  0.262 0.0000000000
126584  -11.686  -102.186  0.063 0.0000000000
126585  -12.396  -102.269  -0.197 0.0000000000
126586  -12.262  -102.488  1.333 0.0000000000
126587  -12.681  -102.440  0.539 0.0000000000
126588  -13.176  -102.261  -0.291 0.0000000000
126589  -13.944  -102.156  -0.292 0.0000000000
126590  -14.715  -101.944  -0.306 0.0000000000
126591  -15.549  -101.665  -0.409 0.0000000000
132460  -15.853  -97.383  -2.570 0.0000000000
132461  -16.482  -96.784  -3.318 0.0000000000
132462  -16.448  -97.304  -3.786 0.0000000000
132463  -16.819  -97.114  -5.222 0.0000000000
132464  -16.994  -97.022  -6.584 0.0000000000
132465  -16.766  -97.962  -6.283 0.0000000000
132466  -17.009  -97.447  -7.093 0.0000000000
132467  -17.014  -97.018  -7.903 0.0000000000
132468  -16.707  -97.229  -9.082 0.0000000000
132469  -16.334  -97.484  -10.108 0.0000000000
132470  -16.052  -97.680  -11.095 0.0000000000
132471  -17.025  -99.168  -8.220 0.0000000000
132472  -17.139  -98.695  -9.001 0.0000000000
132473  -17.094  -98.458  -9.740 0.0000000000
132474  -17.237  -98.747  -11.096 0.0000000000
132475  -17.008  -98.528  -10.755 0.0000000000
132476  -16.907  -98.290  -10.423 0.0000000000
132477  -16.631  -98.127  -11.042 0.0000000000
132478  -16.266  -97.955  -11.614 0.0000000000
132479  -15.825  -97.812  -12.047 0.0000000000
132480  -15.655  -97.902  -12.872 0.0000000000
132481  -15.715  -97.968  -13.559 0.0000000000
132482  -15.868  -97.874  -14.153 0.0000000000
132483  -16.664  -98.292  -14.342 0.0000000000
132484  -16.326  -98.009  -14.524 0.0000000000
132485  -16.082  -97.676  -14.638 0.0000000000
132486  -16.332  -97.464  -14.860 0.0000000000
148791  -16.941  -96.153  -4.210 0.0000000000
148792  -16.918  -95.680  -5.122 0.0000000000
148793  -16.619  -95.361  -5.973 0.0000000000
148794  -16.414  -95.929  -7.724 0.0000000000
148795  -16.327  -95.567  -7.280 0.0000000000
148796  -16.093  -95.204  -6.710 0.0000000000
148797  -15.324  -95.229  -7.317 0.0000000000
148800  -14.691  -97.282  -11.454 0.0000000000
148801  -14.358  -97.086  -10.939 0.0000000000
148802  -14.090  -96.881  -10.391 0.0000000000
148803  -13.025  -97.241  -11.661 0.0000000000
148804  -13.399  -97.004  -10.671 0.0000000000
148805  -13.844  -96.652  -9.824 0.0000000000
148806  -13.567  -96.371  -9.343 0.0000000000
148807  -13.276  -96.071  -8.889 0.0000000000
158523  -14.978  -97.185  -1.018 0.0000000000
158549  -14.111  -97.872  -0.514 0.0000000000
158550  -15.091  -97.597  -1.516 0.0000000000
158551  -15.105  -98.036  -2.067 0.0000000000
158552  -15.097  -98.517  -2.711 0.0000000000
158553  -15.111  -99.029  -3.330 0.0000000000
158554  -13.560  -99.813  -2.183 0.0000000000
158555  -14.404  -99.773  -2.986 0.0000000000
158556  -15.110  -99.538  -3.922 0.0000000000
158557  -15.116  -99.983  -4.518 0.0000000000
158558  -15.347  -100.314  -5.169 0.0000000000
158559  -15.647  -100.494  -5.682 0.0000000000
158560  -11.757  -101.568  -1.103 0.0000000000
158561  -12.516  -101.486  -1.890 0.0000000000
158562  -13.176  -101.559  -2.701 0.0000000000
158563  -13.822  -102.031  -2.455 0.0000000000
158564  -13.844  -101.886  -3.106 0.0000000000
158565  -13.957  -101.570  -3.554 0.0000000000
158566  -14.755  -101.441  -4.455 0.0000000000
158567  -15.440  -101.096  -5.275 0.0000000000
158568  -16.138  -100.702  -6.053 0.0000000000
158569  -16.748  -100.798  -6.290 0.0000000000
158570  -17.363  -100.736  -6.382 0.0000000000
158572  -17.380  -101.577  -4.877 0.0000000000
158634  -14.708  -102.209  2.157 0.0000000000
158636  -15.523  -102.019  2.041 0.0000000000
158637  -15.004  -102.120  1.532 0.0000000000
158638  -15.338  -101.890  0.906 0.0000000000
158639  -15.751  -101.543  0.248 0.0000000000
158640  -16.378  -101.360  -0.449 0.0000000000
158646  -17.720  -100.705  0.810 0.0000000000
158647  -17.413  -100.857  0.187 0.0000000000
158648  -17.166  -101.055  -0.451 0.0000000000
158649  -17.100  -101.324  -1.129 0.0000000000
158650  -17.666  -101.376  -1.834 0.0000000000
