#!ascii label  , from subject fsaverage vox2ras=TkReg coords=white
433
551  12.924  -100.700  4.452 0.0000000000
616  16.947  -97.599  -7.463 0.0000000000
1373  13.343  -96.591  5.620 0.0000000000
1374  15.554  -99.519  -1.010 0.0000000000
2482  18.079  -100.701  -1.335 0.0000000000
2483  17.973  -100.128  -8.597 0.0000000000
2484  18.916  -98.046  -13.155 0.0000000000
2486  15.198  -95.228  -10.531 0.0000000000
3294  16.045  -95.493  3.376 0.0000000000
5558  14.336  -101.482  4.796 0.0000000000
5560  15.445  -101.214  1.679 0.0000000000
5561  16.670  -98.642  -4.214 0.0000000000
5562  16.298  -100.343  -4.909 0.0000000000
5563  16.779  -99.423  -8.206 0.0000000000
5564  18.651  -99.566  -11.445 0.0000000000
5565  17.059  -98.466  -10.697 0.0000000000
7079  12.862  -99.047  4.887 0.0000000000
7080  14.243  -100.192  1.699 0.0000000000
7081  15.056  -98.200  2.706 0.0000000000
7082  17.046  -96.976  -0.247 0.0000000000
7083  17.902  -95.661  -3.643 0.0000000000
10003  16.003  -100.904  -1.412 0.0000000000
10004  17.857  -100.662  -5.134 0.0000000000
10007  21.576  -98.800  -13.103 0.0000000000
10011  16.549  -94.857  -6.563 0.0000000000
10013  13.908  -95.094  -8.150 0.0000000000
10014  15.734  -96.409  -9.453 0.0000000000
10015  16.676  -96.713  -11.993 0.0000000000
13238  13.434  -101.353  4.501 0.0000000000
13239  14.881  -101.367  3.217 0.0000000000
13240  13.982  -101.045  3.065 0.0000000000
13241  16.980  -98.069  -5.922 0.0000000000
13242  16.490  -99.111  -6.271 0.0000000000
13243  16.705  -98.653  -7.825 0.0000000000
13244  16.939  -99.077  -9.577 0.0000000000
13245  16.720  -98.189  -9.023 0.0000000000
15638  13.073  -97.873  5.200 0.0000000000
15639  13.936  -98.651  3.786 0.0000000000
15640  14.436  -97.417  4.286 0.0000000000
15642  16.846  -96.233  1.771 0.0000000000
15644  17.688  -96.255  -1.899 0.0000000000
15645  18.061  -94.628  -1.785 0.0000000000
22441  14.979  -99.866  0.329 0.0000000000
22442  15.167  -100.573  0.143 0.0000000000
22443  15.497  -100.312  -1.380 0.0000000000
22444  16.942  -100.293  -6.965 0.0000000000
22445  16.936  -100.741  -5.199 0.0000000000
22446  17.789  -100.396  -7.007 0.0000000000
22448  19.161  -100.060  -8.531 0.0000000000
22450  19.490  -100.189  -10.029 0.0000000000
22451  18.868  -98.951  -12.534 0.0000000000
22452  20.002  -99.352  -12.460 0.0000000000
22453  20.156  -98.514  -13.362 0.0000000000
22462  16.690  -93.778  -4.895 0.0000000000
22463  15.254  -93.925  -5.966 0.0000000000
22469  14.263  -95.397  -9.474 0.0000000000
22470  14.923  -95.575  -8.824 0.0000000000
22471  15.208  -95.941  -10.237 0.0000000000
22472  15.968  -96.765  -10.907 0.0000000000
22473  15.855  -95.883  -11.284 0.0000000000
24360  14.704  -96.066  4.552 0.0000000000
28438  15.932  -101.362  3.453 0.0000000000
28439  16.385  -101.216  1.922 0.0000000000
28440  16.802  -101.011  0.256 0.0000000000
28441  16.187  -99.135  -2.520 0.0000000000
28442  15.835  -100.080  -2.829 0.0000000000
28443  16.211  -99.639  -4.536 0.0000000000
28444  16.545  -99.859  -6.686 0.0000000000
28445  17.117  -99.987  -8.459 0.0000000000
28446  18.293  -100.006  -10.139 0.0000000000
28447  17.487  -99.634  -9.994 0.0000000000
28448  17.744  -99.139  -11.171 0.0000000000
28449  17.837  -98.409  -12.207 0.0000000000
28459  15.509  -94.171  -10.077 0.0000000000
28460  16.242  -94.947  -10.939 0.0000000000
31877  12.724  -99.892  4.536 0.0000000000
31878  13.459  -100.456  3.024 0.0000000000
31879  13.456  -99.573  3.329 0.0000000000
31880  14.411  -99.298  2.099 0.0000000000
31881  15.353  -98.885  0.789 0.0000000000
31882  15.721  -96.924  3.232 0.0000000000
31883  16.147  -97.711  1.355 0.0000000000
31884  16.170  -98.428  -0.571 0.0000000000
31885  16.926  -97.891  -2.085 0.0000000000
31886  17.344  -97.260  -3.835 0.0000000000
31887  17.444  -96.773  -5.603 0.0000000000
38538  14.319  -101.325  6.610 0.0000000000
38539  13.284  -101.457  6.318 0.0000000000
38540  12.490  -101.115  6.035 0.0000000000
38549  12.064  -100.479  5.864 0.0000000000
38550  11.919  -99.677  5.960 0.0000000000
38551  11.904  -98.555  6.162 0.0000000000
38552  12.040  -97.350  6.538 0.0000000000
40243  14.593  -100.870  1.577 0.0000000000
40244  15.766  -101.010  0.174 0.0000000000
40245  16.935  -101.062  -1.456 0.0000000000
40246  16.124  -100.759  -3.134 0.0000000000
40247  16.912  -101.071  -3.146 0.0000000000
40248  18.062  -100.732  -3.147 0.0000000000
40255  19.761  -99.948  -11.323 0.0000000000
40267  17.711  -94.050  -3.398 0.0000000000
40268  17.470  -95.228  -5.305 0.0000000000
40269  17.008  -96.209  -7.041 0.0000000000
40276  15.175  -94.858  -7.349 0.0000000000
40277  16.118  -95.717  -8.100 0.0000000000
40278  16.474  -97.037  -8.566 0.0000000000
40279  16.421  -97.548  -10.047 0.0000000000
40280  16.929  -97.623  -11.632 0.0000000000
40281  17.772  -97.503  -12.726 0.0000000000
40282  17.077  -95.617  -11.794 0.0000000000
40283  18.011  -96.510  -12.669 0.0000000000
43958  13.055  -101.102  4.463 0.0000000000
43959  13.677  -101.235  3.759 0.0000000000
43960  13.352  -100.930  3.753 0.0000000000
43961  17.012  -97.822  -6.730 0.0000000000
43962  16.790  -98.381  -6.904 0.0000000000
43963  16.831  -98.168  -7.717 0.0000000000
43964  16.756  -98.425  -8.450 0.0000000000
43965  16.776  -97.952  -8.265 0.0000000000
46358  13.187  -97.234  5.412 0.0000000000
46359  13.752  -97.656  4.747 0.0000000000
46360  13.899  -97.006  4.980 0.0000000000
53161  15.282  -99.668  -0.364 0.0000000000
53162  15.231  -100.083  -0.526 0.0000000000
53163  15.444  -99.954  -1.196 0.0000000000
53164  17.368  -100.239  -7.775 0.0000000000
53165  17.324  -100.412  -7.011 0.0000000000
53166  17.861  -100.199  -7.786 0.0000000000
53167  18.428  -100.158  -7.790 0.0000000000
53168  18.556  -100.134  -8.621 0.0000000000
53169  19.348  -100.129  -9.346 0.0000000000
53170  18.695  -100.140  -9.428 0.0000000000
53171  18.890  -98.517  -12.915 0.0000000000
53172  19.470  -98.761  -12.960 0.0000000000
53173  19.499  -98.296  -13.289 0.0000000000
53174  20.213  -98.010  -13.452 0.0000000000
53175  19.534  -97.805  -13.398 0.0000000000
53189  14.691  -95.321  -10.066 0.0000000000
53190  14.722  -95.649  -9.871 0.0000000000
53191  15.150  -95.631  -10.452 0.0000000000
53192  15.568  -95.927  -10.748 0.0000000000
53193  15.511  -95.508  -10.922 0.0000000000
62753  14.838  -101.415  4.978 0.0000000000
62755  15.164  -101.441  4.128 0.0000000000
62756  15.143  -101.285  2.445 0.0000000000
62757  15.652  -101.331  2.511 0.0000000000
62758  15.860  -101.250  1.766 0.0000000000
62759  16.592  -101.111  1.101 0.0000000000
62760  16.079  -101.140  1.023 0.0000000000
62761  16.462  -98.892  -3.373 0.0000000000
62762  16.182  -99.393  -3.569 0.0000000000
62763  16.369  -99.139  -4.410 0.0000000000
62764  16.594  -99.259  -7.282 0.0000000000
62765  16.455  -99.520  -6.461 0.0000000000
62766  16.657  -99.624  -7.458 0.0000000000
62767  16.794  -99.922  -7.607 0.0000000000
62768  16.900  -99.730  -8.357 0.0000000000
62769  17.299  -99.854  -9.326 0.0000000000
62770  17.035  -99.537  -9.080 0.0000000000
62771  17.013  -98.790  -10.144 0.0000000000
62772  17.279  -99.156  -10.420 0.0000000000
62773  17.355  -98.819  -11.026 0.0000000000
62774  17.814  -98.795  -11.754 0.0000000000
62775  17.394  -98.463  -11.556 0.0000000000
62792  16.159  -94.080  -10.063 0.0000000000
69953  12.762  -99.488  4.694 0.0000000000
69954  13.037  -99.767  3.941 0.0000000000
69955  13.164  -99.354  4.111 0.0000000000
69956  14.505  -98.405  3.245 0.0000000000
69957  14.179  -98.930  2.968 0.0000000000
69958  14.717  -98.755  2.388 0.0000000000
69959  14.892  -99.134  1.440 0.0000000000
69960  15.217  -98.612  1.790 0.0000000000
69961  15.384  -95.780  3.956 0.0000000000
69962  15.264  -96.451  3.904 0.0000000000
69963  15.930  -96.154  3.332 0.0000000000
69964  16.979  -96.607  0.765 0.0000000000
69965  16.533  -97.008  1.605 0.0000000000
69966  16.625  -97.346  0.556 0.0000000000
69967  16.219  -98.029  0.334 0.0000000000
69968  16.656  -97.711  -0.442 0.0000000000
69969  16.573  -98.179  -1.308 0.0000000000
69970  17.023  -97.447  -1.210 0.0000000000
69971  17.851  -95.933  -2.754 0.0000000000
69972  17.543  -96.727  -2.832 0.0000000000
69973  17.662  -96.473  -3.766 0.0000000000
69974  17.429  -97.009  -4.739 0.0000000000
69975  17.670  -96.248  -4.644 0.0000000000
86103  13.237  -101.328  7.243 0.0000000000
86104  12.755  -101.298  7.091 0.0000000000
86105  12.857  -101.347  6.167 0.0000000000
86106  12.366  -101.120  6.912 0.0000000000
86128  11.758  -100.615  6.748 0.0000000000
86130  11.937  -100.124  5.869 0.0000000000
86135  11.928  -97.967  6.317 0.0000000000
90361  13.840  -100.329  2.319 0.0000000000
90362  13.980  -100.691  2.276 0.0000000000
90363  14.365  -100.571  1.599 0.0000000000
90364  15.584  -100.707  -0.649 0.0000000000
90365  15.418  -100.824  0.119 0.0000000000
90366  15.935  -100.859  -0.645 0.0000000000
90367  16.382  -100.977  -0.641 0.0000000000
90368  16.415  -101.051  -1.446 0.0000000000
90369  16.068  -100.235  -3.840 0.0000000000
90370  15.948  -100.411  -2.992 0.0000000000
90371  16.237  -100.569  -3.998 0.0000000000
90372  17.332  -100.820  -5.149 0.0000000000
90373  16.927  -100.928  -4.158 0.0000000000
90374  17.429  -100.930  -4.111 0.0000000000
90375  17.499  -100.984  -3.146 0.0000000000
90376  17.986  -100.723  -4.100 0.0000000000
90391  18.482  -99.822  -10.794 0.0000000000
90392  18.988  -99.982  -10.821 0.0000000000
90393  19.159  -99.771  -11.445 0.0000000000
90394  20.757  -99.122  -12.894 0.0000000000
90395  20.703  -99.476  -12.299 0.0000000000
90396  21.479  -99.211  -12.621 0.0000000000
90424  16.633  -94.327  -5.726 0.0000000000
90425  17.197  -94.422  -5.108 0.0000000000
90426  17.068  -95.022  -6.012 0.0000000000
90427  17.273  -95.798  -6.265 0.0000000000
90428  16.885  -95.534  -6.818 0.0000000000
90446  14.500  -94.994  -7.752 0.0000000000
90447  15.353  -95.927  -9.184 0.0000000000
90448  15.459  -95.641  -8.470 0.0000000000
90449  15.845  -96.099  -8.766 0.0000000000
90450  16.347  -96.343  -8.323 0.0000000000
90451  16.119  -96.707  -9.013 0.0000000000
90452  16.357  -97.350  -9.275 0.0000000000
90453  16.088  -96.982  -9.720 0.0000000000
90454  16.274  -96.786  -11.497 0.0000000000
90455  16.401  -97.225  -11.234 0.0000000000
90456  16.755  -97.194  -11.854 0.0000000000
90457  17.288  -97.599  -12.223 0.0000000000
90458  17.208  -97.149  -12.393 0.0000000000
90459  16.977  -94.723  -10.920 0.0000000000
90460  16.672  -95.237  -11.345 0.0000000000
90461  17.390  -95.115  -11.401 0.0000000000
90463  18.266  -95.994  -12.416 0.0000000000
90464  18.727  -96.360  -12.803 0.0000000000
90465  18.519  -96.848  -13.023 0.0000000000
97556  13.884  -101.470  4.619 0.0000000000
97557  14.640  -101.448  3.984 0.0000000000
97558  14.119  -101.401  3.842 0.0000000000
97559  14.386  -101.268  3.107 0.0000000000
97560  14.675  -101.164  2.367 0.0000000000
97561  16.828  -98.363  -5.048 0.0000000000
97562  16.485  -98.927  -5.260 0.0000000000
97563  16.662  -98.641  -6.066 0.0000000000
97564  16.613  -98.854  -7.093 0.0000000000
97565  16.702  -99.072  -8.021 0.0000000000
97566  16.883  -99.245  -8.927 0.0000000000
97567  16.774  -98.864  -8.677 0.0000000000
97568  16.818  -98.631  -9.291 0.0000000000
97569  16.790  -98.388  -9.869 0.0000000000
101876  12.977  -98.488  5.018 0.0000000000
101877  13.335  -98.908  4.354 0.0000000000
101878  13.558  -98.313  4.521 0.0000000000
101879  14.172  -98.101  4.024 0.0000000000
101880  14.788  -97.860  3.530 0.0000000000
101882  16.504  -95.833  2.656 0.0000000000
101883  17.023  -95.469  1.881 0.0000000000
101884  17.285  -95.827  0.887 0.0000000000
101885  17.388  -96.217  -0.089 0.0000000000
101886  17.434  -96.630  -1.078 0.0000000000
101887  17.745  -95.834  -0.954 0.0000000000
101888  17.936  -95.433  -1.837 0.0000000000
101889  17.978  -95.109  -2.687 0.0000000000
114121  14.620  -100.040  1.027 0.0000000000
114122  14.726  -100.426  0.922 0.0000000000
114123  15.013  -100.254  0.213 0.0000000000
114124  15.342  -100.432  -0.626 0.0000000000
114125  15.701  -100.656  -1.437 0.0000000000
114126  16.588  -100.360  -6.047 0.0000000000
114127  16.556  -100.587  -5.117 0.0000000000
114128  16.923  -100.524  -6.277 0.0000000000
114129  17.321  -100.594  -6.191 0.0000000000
114130  17.785  -100.559  -6.125 0.0000000000
114139  18.775  -99.274  -12.028 0.0000000000
114140  19.320  -99.518  -12.027 0.0000000000
114141  19.429  -99.184  -12.513 0.0000000000
114142  20.089  -98.955  -12.945 0.0000000000
114143  20.873  -98.698  -13.283 0.0000000000
114144  21.678  -98.349  -13.464 0.0000000000
114145  20.990  -98.206  -13.510 0.0000000000
114160  16.003  -93.811  -5.459 0.0000000000
114161  15.964  -94.316  -6.240 0.0000000000
114171  14.072  -95.283  -8.819 0.0000000000
114172  14.459  -95.335  -8.487 0.0000000000
114173  14.503  -95.511  -9.175 0.0000000000
114174  14.926  -95.791  -9.567 0.0000000000
114175  15.363  -96.196  -9.917 0.0000000000
114176  15.786  -96.671  -10.172 0.0000000000
114177  15.614  -96.317  -10.518 0.0000000000
114178  15.812  -96.304  -11.194 0.0000000000
114179  16.282  -96.281  -11.610 0.0000000000
118278  14.011  -96.366  5.141 0.0000000000
127794  16.729  -101.204  2.788 0.0000000000
127795  15.430  -101.406  3.302 0.0000000000
127796  16.185  -101.314  2.713 0.0000000000
127797  16.935  -101.135  1.990 0.0000000000
127798  17.130  -101.021  1.164 0.0000000000
127799  17.332  -100.917  0.291 0.0000000000
127800  17.456  -100.916  -0.575 0.0000000000
127801  15.851  -99.347  -1.722 0.0000000000
127802  15.666  -99.845  -1.866 0.0000000000
127803  15.946  -99.644  -2.719 0.0000000000
127804  16.015  -99.881  -3.646 0.0000000000
127805  16.227  -100.007  -4.742 0.0000000000
127806  16.360  -99.377  -5.408 0.0000000000
127807  16.333  -99.771  -5.601 0.0000000000
127808  16.412  -100.103  -5.812 0.0000000000
127809  16.715  -100.110  -6.858 0.0000000000
127810  17.008  -100.120  -7.686 0.0000000000
127811  17.476  -100.057  -8.561 0.0000000000
127812  18.123  -100.080  -9.398 0.0000000000
127813  17.665  -99.970  -9.313 0.0000000000
127814  17.863  -99.832  -10.027 0.0000000000
127815  18.052  -99.627  -10.711 0.0000000000
127816  17.175  -99.403  -9.781 0.0000000000
127817  17.643  -99.394  -10.596 0.0000000000
127818  18.154  -99.349  -11.353 0.0000000000
127819  18.254  -99.032  -11.934 0.0000000000
127820  18.328  -98.675  -12.432 0.0000000000
127821  18.352  -98.269  -12.773 0.0000000000
127843  15.346  -94.717  -10.409 0.0000000000
127844  15.668  -95.091  -10.806 0.0000000000
127845  15.896  -94.618  -10.511 0.0000000000
127846  16.561  -94.419  -10.491 0.0000000000
136991  12.789  -100.290  4.448 0.0000000000
136992  13.168  -100.572  3.735 0.0000000000
136993  13.034  -100.165  3.808 0.0000000000
136994  13.381  -100.022  3.170 0.0000000000
136995  13.788  -99.882  2.525 0.0000000000
136996  13.643  -99.119  3.538 0.0000000000
136997  13.913  -99.413  2.720 0.0000000000
136998  14.215  -99.780  1.865 0.0000000000
136999  14.674  -99.620  1.180 0.0000000000
137000  15.106  -99.412  0.509 0.0000000000
137001  15.484  -99.168  -0.156 0.0000000000
137002  14.584  -96.746  4.475 0.0000000000
137003  15.082  -97.187  3.794 0.0000000000
137004  15.412  -97.593  2.992 0.0000000000
137005  16.314  -96.602  2.553 0.0000000000
137006  16.002  -97.313  2.366 0.0000000000
137007  15.606  -98.000  2.128 0.0000000000
137008  15.738  -98.328  1.080 0.0000000000
137009  15.789  -98.617  0.144 0.0000000000
137010  15.817  -98.993  -0.849 0.0000000000
137011  16.164  -98.796  -1.536 0.0000000000
137012  16.521  -98.566  -2.279 0.0000000000
137013  16.828  -98.304  -3.131 0.0000000000
137014  17.318  -97.090  -1.993 0.0000000000
137015  17.208  -97.558  -2.903 0.0000000000
137016  17.009  -98.003  -3.982 0.0000000000
137017  17.141  -97.711  -4.847 0.0000000000
137018  17.226  -97.479  -5.731 0.0000000000
137019  17.192  -97.196  -6.532 0.0000000000
156571  14.853  -101.263  5.853 0.0000000000
156572  14.319  -101.419  5.687 0.0000000000
156573  13.753  -101.307  7.403 0.0000000000
156574  13.780  -101.424  6.455 0.0000000000
156575  13.803  -101.493  5.525 0.0000000000
156576  13.375  -101.478  5.337 0.0000000000
156577  12.949  -101.284  5.246 0.0000000000
156578  12.731  -100.957  5.210 0.0000000000
156603  12.007  -100.889  6.822 0.0000000000
156604  12.278  -100.776  5.974 0.0000000000
156605  12.563  -100.583  5.164 0.0000000000
156606  12.347  -100.222  5.102 0.0000000000
156607  12.341  -99.806  5.258 0.0000000000
156608  12.404  -99.308  5.372 0.0000000000
156610  11.927  -99.110  6.030 0.0000000000
156611  12.456  -98.777  5.482 0.0000000000
156612  12.465  -98.220  5.601 0.0000000000
156613  12.492  -97.618  5.763 0.0000000000
156614  12.684  -97.001  6.057 0.0000000000
161683  13.666  -100.753  3.050 0.0000000000
161684  14.275  -100.960  2.311 0.0000000000
161685  14.953  -101.076  1.624 0.0000000000
161686  14.929  -100.753  0.872 0.0000000000
161687  15.198  -100.997  0.885 0.0000000000
161688  15.590  -101.153  0.955 0.0000000000
161689  16.266  -101.045  0.229 0.0000000000
161690  16.900  -101.014  -0.612 0.0000000000
161691  17.513  -100.948  -1.428 0.0000000000
161692  15.669  -100.235  -2.081 0.0000000000
161693  15.832  -100.548  -2.186 0.0000000000
161694  16.050  -100.869  -2.271 0.0000000000
161695  16.531  -100.797  -4.122 0.0000000000
161696  16.431  -100.992  -3.182 0.0000000000
161697  16.424  -101.061  -2.293 0.0000000000
161698  16.933  -101.109  -2.294 0.0000000000
161699  17.513  -100.986  -2.287 0.0000000000
161700  18.096  -100.718  -2.225 0.0000000000
161719  18.839  -100.155  -10.160 0.0000000000
161720  19.625  -100.115  -10.692 0.0000000000
161722  19.884  -99.705  -11.900 0.0000000000
161723  20.607  -99.796  -11.676 0.0000000000
161756  17.967  -94.320  -2.588 0.0000000000
161757  17.889  -94.809  -3.495 0.0000000000
161758  17.293  -93.837  -4.195 0.0000000000
161759  17.632  -94.584  -4.370 0.0000000000
161760  17.762  -95.441  -4.492 0.0000000000
161761  17.546  -96.010  -5.478 0.0000000000
161762  17.300  -96.492  -6.424 0.0000000000
161763  17.052  -96.906  -7.228 0.0000000000
161783  15.195  -94.395  -6.694 0.0000000000
161784  15.868  -94.805  -6.965 0.0000000000
161785  15.023  -95.291  -8.085 0.0000000000
161786  15.711  -95.267  -7.717 0.0000000000
161787  16.351  -95.354  -7.302 0.0000000000
161788  16.615  -95.940  -7.590 0.0000000000
161789  16.776  -96.618  -7.822 0.0000000000
161790  16.779  -97.358  -8.089 0.0000000000
161791  16.601  -97.673  -8.789 0.0000000000
161792  16.573  -97.930  -9.573 0.0000000000
161793  16.724  -98.036  -10.373 0.0000000000
161794  16.198  -97.167  -10.508 0.0000000000
161795  16.595  -97.632  -10.824 0.0000000000
161796  17.049  -98.073  -11.241 0.0000000000
161797  17.354  -98.035  -11.941 0.0000000000
161798  17.810  -97.962  -12.543 0.0000000000
161799  18.350  -97.769  -12.980 0.0000000000
161800  16.000  -95.433  -11.200 0.0000000000
161801  16.417  -95.751  -11.572 0.0000000000
161802  16.752  -96.135  -12.032 0.0000000000
161803  17.817  -95.567  -11.927 0.0000000000
161804  17.501  -96.082  -12.256 0.0000000000
161805  17.271  -96.621  -12.423 0.0000000000
161806  17.850  -97.019  -12.769 0.0000000000
161807  18.400  -97.301  -13.063 0.0000000000
161808  18.959  -97.529  -13.283 0.0000000000
