#!ascii label  , from subject fsaverage vox2ras=TkReg coords=white
507
443  -8.900  -94.873  -9.784 0.0000000000
1275  -8.119  -101.514  6.972 0.0000000000
1404  -13.097  -92.364  -8.817 0.0000000000
1990  -14.952  -93.955  1.198 0.0000000000
1991  -11.835  -92.789  -4.980 0.0000000000
1992  -13.450  -95.247  -7.671 0.0000000000
2365  -9.030  -98.986  4.799 0.0000000000
4366  -15.376  -95.410  -0.206 0.0000000000
4367  -15.693  -93.447  -3.846 0.0000000000
5265  -8.719  -97.119  6.427 0.0000000000
5266  -6.688  -98.652  7.332 0.0000000000
5267  -10.053  -102.034  5.279 0.0000000000
5268  -8.739  -101.654  3.723 0.0000000000
5649  -9.376  -94.550  -7.881 0.0000000000
5651  -7.455  -93.898  -9.110 0.0000000000
6903  -6.767  -99.609  8.502 0.0000000000
7134  -10.646  -93.661  -10.342 0.0000000000
7135  -8.463  -93.412  -10.100 0.0000000000
7136  -10.548  -91.854  -9.204 0.0000000000
8556  -15.072  -92.356  -2.521 0.0000000000
8557  -12.542  -93.950  -6.278 0.0000000000
8558  -10.478  -95.737  -8.873 0.0000000000
8560  -11.881  -96.785  -10.618 0.0000000000
8561  -10.459  -95.485  -10.991 0.0000000000
8562  -12.243  -93.920  -11.180 0.0000000000
9649  -11.772  -95.176  4.988 0.0000000000
9650  -12.200  -96.948  3.817 0.0000000000
9651  -12.267  -98.143  1.841 0.0000000000
9652  -7.422  -100.386  5.835 0.0000000000
9653  -9.417  -100.089  2.571 0.0000000000
12046  -15.660  -96.150  -1.158 0.0000000000
12047  -16.584  -95.014  -2.861 0.0000000000
12945  -6.492  -97.683  7.775 0.0000000000
12946  -6.005  -98.386  8.410 0.0000000000
12947  -11.210  -101.872  4.624 0.0000000000
12948  -10.466  -102.141  3.762 0.0000000000
13329  -8.781  -94.872  -8.966 0.0000000000
13330  -8.220  -94.344  -8.458 0.0000000000
13331  -8.135  -94.422  -9.272 0.0000000000
15729  -11.859  -93.011  -9.724 0.0000000000
15730  -10.565  -92.899  -9.699 0.0000000000
15731  -11.755  -92.156  -8.877 0.0000000000
18856  -14.389  -93.409  1.756 0.0000000000
18857  -14.932  -92.497  -0.038 0.0000000000
18858  -15.427  -92.930  -0.620 0.0000000000
18859  -14.716  -94.151  -5.997 0.0000000000
18860  -14.428  -93.389  -5.304 0.0000000000
18861  -12.982  -94.567  -6.924 0.0000000000
18862  -11.292  -95.019  -7.538 0.0000000000
18863  -11.906  -95.603  -8.355 0.0000000000
18870  -10.982  -96.321  -10.930 0.0000000000
18871  -11.328  -95.770  -11.823 0.0000000000
18872  -11.178  -94.791  -11.418 0.0000000000
18873  -12.094  -94.887  -12.159 0.0000000000
21557  -8.844  -98.167  5.744 0.0000000000
21558  -10.422  -97.298  5.113 0.0000000000
21559  -10.528  -98.188  4.419 0.0000000000
21560  -12.293  -97.627  2.880 0.0000000000
21561  -10.579  -98.771  3.385 0.0000000000
21562  -7.508  -100.548  7.755 0.0000000000
21563  -6.925  -100.134  7.326 0.0000000000
21564  -7.582  -101.124  6.421 0.0000000000
21565  -9.511  -101.433  1.989 0.0000000000
21566  -8.687  -100.922  3.007 0.0000000000
21567  -9.903  -100.745  1.238 0.0000000000
21568  -10.888  -99.769  0.810 0.0000000000
22712  -8.609  -92.426  -10.315 0.0000000000
22713  -7.654  -93.016  -10.407 0.0000000000
22714  -7.781  -91.813  -11.051 0.0000000000
26290  -15.239  -94.678  0.500 0.0000000000
26291  -15.767  -93.458  -1.215 0.0000000000
26292  -16.126  -94.190  -1.970 0.0000000000
26293  -16.020  -94.287  -4.600 0.0000000000
26294  -15.108  -94.890  -6.841 0.0000000000
27910  -7.521  -96.870  7.439 0.0000000000
27911  -7.450  -97.899  6.881 0.0000000000
27912  -7.604  -98.833  6.234 0.0000000000
27913  -9.070  -101.997  6.188 0.0000000000
27914  -8.321  -101.811  5.465 0.0000000000
27915  -9.258  -102.131  4.526 0.0000000000
27916  -9.755  -102.034  2.862 0.0000000000
28599  -10.413  -93.846  -6.553 0.0000000000
28601  -8.818  -93.934  -7.322 0.0000000000
28602  -7.680  -93.733  -7.872 0.0000000000
31467  -6.154  -98.838  9.361 0.0000000000
31469  -7.643  -99.688  8.734 0.0000000000
31470  -8.370  -100.767  8.182 0.0000000000
31473  -9.089  -101.491  7.730 0.0000000000
31474  -10.069  -101.748  6.924 0.0000000000
31475  -11.065  -101.726  6.188 0.0000000000
32004  -9.551  -94.318  -10.303 0.0000000000
32005  -8.543  -94.177  -9.895 0.0000000000
32006  -9.419  -93.616  -10.051 0.0000000000
32007  -9.450  -92.748  -9.832 0.0000000000
32008  -9.595  -91.379  -9.694 0.0000000000
35929  -14.589  -91.929  -1.897 0.0000000000
35930  -13.738  -92.292  -3.993 0.0000000000
35931  -15.466  -92.764  -3.115 0.0000000000
35932  -14.146  -92.782  -4.631 0.0000000000
35933  -12.134  -93.373  -5.729 0.0000000000
35934  -10.830  -94.482  -6.996 0.0000000000
35935  -9.751  -95.149  -8.244 0.0000000000
35936  -9.461  -95.347  -9.349 0.0000000000
35939  -14.048  -95.844  -8.511 0.0000000000
35942  -12.533  -96.204  -9.168 0.0000000000
35943  -11.223  -96.306  -9.710 0.0000000000
35944  -10.211  -95.894  -10.131 0.0000000000
35945  -9.715  -95.155  -10.344 0.0000000000
35946  -10.410  -94.507  -10.924 0.0000000000
35947  -11.430  -93.815  -10.680 0.0000000000
35948  -12.752  -93.080  -9.936 0.0000000000
35950  -13.646  -93.202  -10.403 0.0000000000
35951  -14.137  -92.508  -9.038 0.0000000000
39182  -12.990  -93.884  3.817 0.0000000000
39183  -13.311  -94.624  3.285 0.0000000000
39184  -10.312  -96.242  5.819 0.0000000000
39185  -11.954  -96.000  4.360 0.0000000000
39186  -13.696  -95.443  2.692 0.0000000000
39187  -13.871  -96.224  2.049 0.0000000000
39188  -13.929  -96.914  1.149 0.0000000000
39189  -14.024  -97.519  0.046 0.0000000000
39190  -6.417  -99.279  8.077 0.0000000000
39191  -6.986  -99.510  6.739 0.0000000000
39192  -7.875  -99.648  5.254 0.0000000000
39193  -8.032  -101.219  4.714 0.0000000000
39194  -8.219  -100.445  4.168 0.0000000000
39195  -9.167  -99.585  3.827 0.0000000000
39196  -10.650  -99.240  2.208 0.0000000000
39197  -12.312  -98.742  0.628 0.0000000000
40567  -7.731  -93.834  -9.821 0.0000000000
40568  -6.974  -93.146  -9.777 0.0000000000
43665  -5.851  -97.891  8.591 0.0000000000
43666  -5.818  -98.198  9.064 0.0000000000
44049  -8.768  -94.934  -9.398 0.0000000000
44050  -8.417  -94.666  -9.143 0.0000000000
44051  -8.487  -94.686  -9.503 0.0000000000
46449  -12.490  -92.693  -9.266 0.0000000000
46450  -11.844  -92.605  -9.267 0.0000000000
46451  -12.507  -92.297  -8.748 0.0000000000
49576  -14.701  -93.665  1.476 0.0000000000
49577  -15.055  -93.147  0.592 0.0000000000
49578  -15.262  -93.394  0.305 0.0000000000
49579  -14.034  -94.743  -6.851 0.0000000000
49580  -13.835  -94.344  -6.503 0.0000000000
49581  -13.176  -94.933  -7.301 0.0000000000
49582  -12.359  -95.107  -7.661 0.0000000000
49583  -12.628  -95.432  -8.055 0.0000000000
49592  -11.652  -95.370  -12.069 0.0000000000
52277  -8.928  -98.609  5.303 0.0000000000
52278  -9.685  -98.235  5.046 0.0000000000
52279  -9.773  -98.635  4.623 0.0000000000
52280  -10.571  -98.507  3.932 0.0000000000
52281  -9.788  -98.982  4.185 0.0000000000
52282  -7.841  -101.045  7.355 0.0000000000
52283  -7.519  -100.869  7.126 0.0000000000
52284  -7.827  -101.319  6.670 0.0000000000
52286  -9.594  -101.087  1.616 0.0000000000
53424  -12.659  -92.267  -4.125 0.0000000000
53432  -8.686  -91.662  -10.521 0.0000000000
53433  -8.166  -92.180  -10.688 0.0000000000
53434  -8.325  -91.431  -10.997 0.0000000000
59176  -15.322  -95.022  0.161 0.0000000000
59177  -15.742  -94.372  -0.719 0.0000000000
59178  -15.874  -94.749  -1.054 0.0000000000
59180  -16.487  -94.551  -3.779 0.0000000000
59181  -16.244  -94.637  -5.038 0.0000000000
59182  -15.618  -94.495  -5.787 0.0000000000
59183  -15.849  -94.823  -6.271 0.0000000000
61877  -6.569  -98.183  7.540 0.0000000000
61878  -6.949  -97.790  7.341 0.0000000000
61879  -7.039  -98.292  7.087 0.0000000000
61880  -7.545  -98.406  6.591 0.0000000000
61881  -7.134  -98.762  6.769 0.0000000000
61882  -9.565  -102.077  5.750 0.0000000000
61883  -9.142  -102.125  5.358 0.0000000000
61884  -9.619  -102.132  4.880 0.0000000000
61886  -10.092  -102.172  3.311 0.0000000000
63024  -9.831  -94.259  -7.287 0.0000000000
63025  -9.580  -93.889  -6.967 0.0000000000
63026  -9.073  -94.247  -7.678 0.0000000000
63027  -7.739  -94.157  -8.782 0.0000000000
63028  -7.924  -94.043  -8.274 0.0000000000
63029  -7.516  -93.824  -8.566 0.0000000000
63031  -7.140  -93.471  -8.921 0.0000000000
69080  -8.024  -100.243  8.396 0.0000000000
69090  -9.558  -101.658  7.351 0.0000000000
70224  -10.077  -93.995  -10.391 0.0000000000
70225  -9.468  -93.996  -10.130 0.0000000000
70226  -10.031  -93.656  -10.147 0.0000000000
70227  -10.530  -92.417  -9.394 0.0000000000
70228  -9.985  -92.839  -9.703 0.0000000000
70229  -9.934  -92.314  -9.547 0.0000000000
70230  -9.444  -92.165  -9.743 0.0000000000
70231  -10.024  -91.654  -9.418 0.0000000000
79609  -15.181  -92.368  -1.288 0.0000000000
79610  -14.905  -92.127  -0.988 0.0000000000
79611  -14.822  -92.200  -2.185 0.0000000000
79612  -14.288  -92.076  -2.936 0.0000000000
79613  -14.469  -92.289  -3.313 0.0000000000
79614  -15.968  -93.278  -2.589 0.0000000000
79615  -15.866  -92.954  -2.235 0.0000000000
79616  -15.603  -93.083  -3.457 0.0000000000
79617  -13.473  -93.664  -5.846 0.0000000000
79618  -14.272  -93.097  -4.982 0.0000000000
79619  -13.276  -93.346  -5.535 0.0000000000
79620  -13.083  -93.070  -5.246 0.0000000000
79621  -12.330  -93.649  -5.982 0.0000000000
79622  -11.451  -93.959  -6.372 0.0000000000
79623  -11.671  -94.253  -6.628 0.0000000000
79624  -10.799  -95.391  -8.254 0.0000000000
79625  -10.487  -95.130  -7.851 0.0000000000
79626  -10.069  -95.437  -8.529 0.0000000000
79627  -9.490  -95.272  -8.818 0.0000000000
79628  -9.896  -95.553  -9.082 0.0000000000
79635  -14.828  -95.682  -8.143 0.0000000000
79642  -12.433  -96.842  -10.374 0.0000000000
79643  -12.835  -96.499  -9.645 0.0000000000
79644  -12.171  -96.550  -9.893 0.0000000000
79645  -11.843  -96.280  -9.428 0.0000000000
79646  -11.579  -96.522  -10.176 0.0000000000
79647  -10.621  -95.954  -10.963 0.0000000000
79648  -10.608  -96.115  -10.535 0.0000000000
79649  -10.301  -95.764  -10.684 0.0000000000
79650  -9.904  -95.559  -10.249 0.0000000000
79651  -10.091  -95.297  -10.695 0.0000000000
79652  -10.010  -94.843  -10.669 0.0000000000
79653  -10.371  -94.991  -10.972 0.0000000000
79654  -11.659  -94.369  -11.359 0.0000000000
79655  -11.252  -94.283  -11.087 0.0000000000
79656  -11.812  -93.883  -10.904 0.0000000000
79657  -12.125  -93.484  -10.344 0.0000000000
79658  -12.457  -93.450  -10.555 0.0000000000
79665  -13.915  -92.823  -9.689 0.0000000000
87707  -11.716  -94.767  5.278 0.0000000000
87708  -12.330  -94.176  4.796 0.0000000000
87709  -12.422  -94.603  4.471 0.0000000000
87710  -13.134  -94.245  3.547 0.0000000000
87711  -12.536  -94.908  4.234 0.0000000000
87712  -8.779  -96.562  6.738 0.0000000000
87713  -9.549  -96.135  6.447 0.0000000000
87714  -9.499  -96.681  6.160 0.0000000000
87715  -11.299  -97.168  4.481 0.0000000000
87716  -11.225  -96.664  4.784 0.0000000000
87717  -12.115  -96.482  4.092 0.0000000000
87718  -12.811  -95.753  3.579 0.0000000000
87719  -12.972  -96.181  3.333 0.0000000000
87720  -13.838  -95.834  2.424 0.0000000000
87721  -13.079  -96.608  3.068 0.0000000000
87722  -12.267  -97.897  2.385 0.0000000000
87723  -13.085  -97.297  2.113 0.0000000000
87724  -13.116  -97.551  1.561 0.0000000000
87725  -13.992  -97.190  0.576 0.0000000000
87726  -13.141  -97.833  0.996 0.0000000000
87727  -6.445  -99.197  8.975 0.0000000000
87728  -6.257  -99.068  8.672 0.0000000000
87729  -6.524  -99.478  8.332 0.0000000000
87730  -7.129  -100.305  6.657 0.0000000000
87731  -6.846  -99.853  7.186 0.0000000000
87732  -7.184  -99.942  6.354 0.0000000000
87733  -7.398  -99.577  5.986 0.0000000000
87734  -7.560  -100.009  5.572 0.0000000000
87735  -8.511  -101.793  4.579 0.0000000000
87736  -8.139  -101.530  5.079 0.0000000000
87737  -8.353  -101.469  4.198 0.0000000000
87738  -8.990  -100.530  2.746 0.0000000000
87739  -8.440  -100.697  3.569 0.0000000000
87740  -8.783  -100.267  3.406 0.0000000000
87741  -8.618  -99.981  4.035 0.0000000000
87742  -9.234  -99.820  3.300 0.0000000000
87743  -9.876  -99.434  2.996 0.0000000000
87744  -9.977  -99.673  2.363 0.0000000000
87746  -11.528  -99.276  0.727 0.0000000000
91172  -8.463  -93.819  -10.018 0.0000000000
91173  -8.101  -94.043  -9.792 0.0000000000
91174  -8.055  -93.671  -10.060 0.0000000000
91175  -7.204  -92.672  -10.544 0.0000000000
91176  -7.213  -93.131  -10.151 0.0000000000
91177  -6.821  -92.671  -10.188 0.0000000000
91178  -6.544  -92.742  -9.640 0.0000000000
95410  -15.473  -95.849  -0.649 0.0000000000
95411  -16.028  -95.197  -1.547 0.0000000000
95412  -16.226  -95.581  -1.975 0.0000000000
97029  -6.459  -97.116  8.041 0.0000000000
97030  -6.044  -97.528  8.260 0.0000000000
97031  -6.101  -98.088  7.925 0.0000000000
97032  -6.260  -98.519  7.842 0.0000000000
97033  -10.593  -101.926  4.957 0.0000000000
97034  -10.176  -102.080  4.487 0.0000000000
97035  -10.817  -102.013  4.184 0.0000000000
97719  -8.986  -94.771  -8.450 0.0000000000
97720  -8.713  -94.496  -8.180 0.0000000000
97721  -8.510  -94.608  -8.693 0.0000000000
97722  -8.111  -94.417  -8.921 0.0000000000
97723  -7.758  -94.168  -9.209 0.0000000000
102039  -11.290  -93.280  -10.147 0.0000000000
102040  -10.632  -93.280  -10.034 0.0000000000
102041  -11.237  -92.919  -9.706 0.0000000000
102042  -11.152  -92.500  -9.308 0.0000000000
102043  -11.144  -91.996  -8.964 0.0000000000
107668  -14.133  -93.062  2.053 0.0000000000
107670  -14.771  -92.927  0.893 0.0000000000
107671  -15.208  -92.725  -0.323 0.0000000000
107672  -15.420  -92.574  -1.580 0.0000000000
107673  -15.289  -93.725  -4.988 0.0000000000
107674  -15.150  -93.347  -4.627 0.0000000000
107675  -14.573  -93.741  -5.646 0.0000000000
107676  -13.711  -93.972  -6.137 0.0000000000
107677  -12.812  -94.247  -6.566 0.0000000000
107678  -11.905  -94.539  -6.922 0.0000000000
107679  -12.128  -94.818  -7.271 0.0000000000
107680  -11.557  -95.259  -7.986 0.0000000000
107681  -11.191  -95.699  -8.623 0.0000000000
107692  -11.414  -96.588  -10.817 0.0000000000
107693  -11.392  -96.490  -11.445 0.0000000000
107694  -11.100  -96.131  -11.469 0.0000000000
107695  -10.874  -95.665  -11.365 0.0000000000
107696  -10.759  -95.166  -11.263 0.0000000000
107697  -11.176  -95.308  -11.623 0.0000000000
107698  -11.593  -94.895  -11.742 0.0000000000
107699  -12.133  -94.413  -11.700 0.0000000000
112530  -11.022  -95.322  5.715 0.0000000000
112531  -8.733  -97.667  6.099 0.0000000000
112532  -9.530  -97.259  5.823 0.0000000000
112533  -9.590  -97.781  5.452 0.0000000000
112534  -10.440  -97.792  4.817 0.0000000000
112535  -11.353  -97.606  4.134 0.0000000000
112536  -12.280  -97.315  3.363 0.0000000000
112537  -11.438  -97.957  3.676 0.0000000000
112538  -11.409  -98.242  3.159 0.0000000000
112539  -11.395  -98.493  2.600 0.0000000000
112540  -7.142  -100.064  8.135 0.0000000000
112541  -6.812  -99.893  7.927 0.0000000000
112542  -7.170  -100.352  7.543 0.0000000000
112543  -7.247  -100.616  6.879 0.0000000000
112544  -7.457  -100.770  6.043 0.0000000000
112545  -9.057  -101.515  2.813 0.0000000000
112546  -8.576  -101.319  3.334 0.0000000000
112547  -9.047  -101.163  2.484 0.0000000000
112548  -9.223  -100.798  2.147 0.0000000000
112549  -9.646  -100.416  1.890 0.0000000000
112550  -10.138  -99.931  1.654 0.0000000000
112551  -10.360  -100.267  0.972 0.0000000000
114608  -8.519  -92.955  -10.192 0.0000000000
114609  -8.099  -93.264  -10.216 0.0000000000
114610  -8.127  -92.755  -10.433 0.0000000000
114611  -7.697  -92.470  -10.701 0.0000000000
114612  -7.201  -92.085  -10.965 0.0000000000
122782  -15.094  -94.305  0.860 0.0000000000
122783  -15.417  -93.695  0.011 0.0000000000
122784  -15.573  -94.027  -0.336 0.0000000000
122785  -15.939  -93.764  -1.628 0.0000000000
122786  -16.086  -93.708  -2.970 0.0000000000
122787  -16.356  -94.596  -2.432 0.0000000000
122788  -16.268  -94.161  -3.362 0.0000000000
122789  -15.848  -93.870  -4.211 0.0000000000
122790  -15.434  -94.136  -5.346 0.0000000000
122791  -14.902  -94.547  -6.356 0.0000000000
122792  -14.302  -95.039  -7.272 0.0000000000
126563  -8.137  -96.451  7.297 0.0000000000
126564  -8.022  -96.968  6.962 0.0000000000
126565  -6.949  -97.297  7.602 0.0000000000
126566  -7.445  -97.400  7.159 0.0000000000
126567  -7.977  -97.511  6.662 0.0000000000
126568  -8.069  -98.030  6.362 0.0000000000
126569  -8.165  -98.514  5.986 0.0000000000
126570  -8.257  -98.947  5.518 0.0000000000
126571  -8.573  -101.809  6.587 0.0000000000
126572  -8.181  -101.704  6.219 0.0000000000
126573  -8.638  -101.991  5.790 0.0000000000
126574  -8.769  -102.025  4.991 0.0000000000
126575  -8.944  -101.924  4.138 0.0000000000
126576  -9.776  -102.149  4.084 0.0000000000
126577  -9.467  -102.058  3.697 0.0000000000
126578  -9.204  -101.814  3.285 0.0000000000
126579  -9.608  -101.753  2.408 0.0000000000
128169  -11.031  -93.357  -5.786 0.0000000000
128171  -10.173  -93.491  -6.129 0.0000000000
128172  -9.294  -93.618  -6.480 0.0000000000
128173  -8.626  -93.659  -6.777 0.0000000000
128174  -8.497  -94.174  -8.003 0.0000000000
128175  -8.206  -93.911  -7.668 0.0000000000
128176  -7.924  -93.580  -7.086 0.0000000000
135881  -6.410  -98.832  9.597 0.0000000000
135882  -6.779  -99.234  9.163 0.0000000000
135885  -7.194  -99.695  8.719 0.0000000000
135886  -7.589  -100.192  8.307 0.0000000000
135887  -7.894  -100.689  7.963 0.0000000000
135888  -8.206  -101.178  7.669 0.0000000000
135896  -8.726  -101.216  8.003 0.0000000000
135897  -8.583  -101.553  7.369 0.0000000000
135898  -9.035  -101.790  7.016 0.0000000000
135899  -9.539  -101.945  6.590 0.0000000000
135900  -10.038  -101.940  6.128 0.0000000000
135902  -10.537  -101.799  6.522 0.0000000000
135903  -10.536  -101.873  5.741 0.0000000000
135904  -11.078  -101.779  5.406 0.0000000000
137334  -9.177  -94.633  -10.092 0.0000000000
137335  -8.701  -94.519  -9.851 0.0000000000
137336  -9.016  -94.266  -10.111 0.0000000000
137337  -8.931  -93.913  -10.074 0.0000000000
137338  -8.912  -93.541  -10.035 0.0000000000
137339  -10.002  -93.284  -9.943 0.0000000000
137340  -9.398  -93.216  -9.938 0.0000000000
137341  -8.931  -93.105  -10.028 0.0000000000
137342  -8.974  -92.593  -10.038 0.0000000000
137343  -9.023  -91.928  -10.054 0.0000000000
137344  -9.231  -91.093  -10.159 0.0000000000
148771  -13.616  -92.077  -3.537 0.0000000000
148772  -12.783  -92.530  -4.530 0.0000000000
148773  -15.605  -93.158  -0.925 0.0000000000
148774  -15.617  -92.705  -1.948 0.0000000000
148775  -15.280  -92.519  -2.818 0.0000000000
148776  -15.036  -93.019  -4.243 0.0000000000
148777  -14.902  -92.700  -3.900 0.0000000000
148778  -14.687  -92.482  -3.635 0.0000000000
148779  -13.862  -92.566  -4.356 0.0000000000
148780  -12.896  -92.823  -4.946 0.0000000000
148781  -11.954  -93.096  -5.384 0.0000000000
148782  -11.225  -93.643  -6.152 0.0000000000
148783  -10.614  -94.173  -6.806 0.0000000000
148784  -10.083  -94.552  -7.434 0.0000000000
148785  -11.043  -94.750  -7.221 0.0000000000
148786  -10.237  -94.862  -7.606 0.0000000000
148787  -9.555  -94.858  -8.050 0.0000000000
148788  -9.196  -95.024  -8.661 0.0000000000
148789  -9.084  -95.118  -9.145 0.0000000000
148790  -9.136  -95.147  -9.617 0.0000000000
148797  -15.324  -95.229  -7.317 0.0000000000
148798  -14.560  -95.350  -7.726 0.0000000000
148799  -13.757  -95.529  -8.081 0.0000000000
148807  -13.276  -96.071  -8.889 0.0000000000
148808  -12.932  -95.778  -8.428 0.0000000000
148809  -12.202  -95.914  -8.722 0.0000000000
148810  -11.531  -96.008  -9.001 0.0000000000
148811  -10.904  -96.012  -9.208 0.0000000000
148812  -11.045  -96.366  -10.362 0.0000000000
148813  -10.669  -96.136  -9.945 0.0000000000
148814  -10.266  -95.878  -9.476 0.0000000000
148815  -9.821  -95.629  -9.693 0.0000000000
148816  -9.528  -95.327  -9.875 0.0000000000
148817  -9.326  -94.977  -10.004 0.0000000000
148818  -9.618  -94.728  -10.349 0.0000000000
148819  -10.040  -94.368  -10.560 0.0000000000
148820  -10.526  -94.068  -10.617 0.0000000000
148821  -10.752  -94.637  -11.159 0.0000000000
148822  -10.889  -94.170  -10.854 0.0000000000
148823  -11.071  -93.723  -10.498 0.0000000000
148824  -11.667  -93.369  -10.217 0.0000000000
148825  -12.335  -93.065  -9.781 0.0000000000
148826  -12.973  -92.716  -9.344 0.0000000000
148832  -12.944  -93.510  -10.826 0.0000000000
148833  -13.189  -93.110  -10.146 0.0000000000
148834  -13.445  -92.761  -9.498 0.0000000000
148835  -13.658  -92.412  -8.871 0.0000000000
158503  -13.662  -93.624  2.789 0.0000000000
158504  -13.893  -93.961  2.558 0.0000000000
158505  -14.150  -94.313  2.247 0.0000000000
158507  -10.313  -95.804  6.097 0.0000000000
158508  -11.081  -95.723  5.412 0.0000000000
158509  -10.326  -96.735  5.499 0.0000000000
158510  -11.103  -96.151  5.105 0.0000000000
158511  -11.860  -95.561  4.668 0.0000000000
158512  -12.670  -95.325  3.882 0.0000000000
158513  -13.529  -95.030  2.937 0.0000000000
158514  -14.362  -94.691  1.957 0.0000000000
158515  -14.513  -95.078  1.682 0.0000000000
158516  -14.629  -95.442  1.336 0.0000000000
158517  -14.643  -95.803  0.959 0.0000000000
158518  -13.066  -97.002  2.599 0.0000000000
158519  -13.880  -96.594  1.623 0.0000000000
158520  -14.706  -96.197  0.551 0.0000000000
158521  -14.796  -96.525  0.040 0.0000000000
158522  -14.882  -96.844  -0.502 0.0000000000
158524  -5.996  -98.639  8.899 0.0000000000
158525  -6.180  -98.823  8.261 0.0000000000
158526  -6.426  -98.963  7.684 0.0000000000
158527  -6.637  -99.694  7.742 0.0000000000
158528  -6.619  -99.408  7.478 0.0000000000
158529  -6.815  -99.111  7.035 0.0000000000
158530  -7.245  -99.190  6.393 0.0000000000
158531  -7.728  -99.243  5.739 0.0000000000
158532  -8.426  -99.314  4.961 0.0000000000
158533  -7.917  -101.489  5.927 0.0000000000
158534  -7.793  -101.186  5.545 0.0000000000
158535  -7.711  -100.823  5.204 0.0000000000
158536  -8.286  -101.132  3.840 0.0000000000
158537  -8.005  -100.814  4.407 0.0000000000
158538  -7.760  -100.424  5.000 0.0000000000
158539  -8.036  -100.049  4.760 0.0000000000
158540  -8.511  -99.668  4.551 0.0000000000
158541  -9.119  -99.304  4.294 0.0000000000
158542  -9.824  -99.194  3.580 0.0000000000
158543  -10.598  -99.000  2.783 0.0000000000
158544  -11.424  -98.741  2.014 0.0000000000
158545  -10.750  -99.475  1.521 0.0000000000
158546  -11.470  -99.001  1.398 0.0000000000
158547  -12.279  -98.432  1.254 0.0000000000
158548  -13.171  -98.155  0.409 0.0000000000
162655  -8.277  -94.361  -9.618 0.0000000000
162656  -7.888  -94.144  -9.532 0.0000000000
162657  -7.536  -93.888  -9.532 0.0000000000
162658  -7.639  -93.488  -10.124 0.0000000000
162659  -7.356  -93.541  -9.863 0.0000000000
162660  -7.202  -93.524  -9.467 0.0000000000
162661  -6.816  -93.151  -9.221 0.0000000000
162664  -7.856  -91.178  -11.359 0.0000000000
162665  -7.256  -91.497  -11.286 0.0000000000
