#!ascii label  , from subject fsaverage vox2ras=TkReg coords=white
558
34  -13.421  -91.224  3.756 0.0000000000
348  -6.310  -88.382  -2.656 0.0000000000
576  -5.624  -97.846  9.751 0.0000000000
828  -11.597  -89.305  -1.149 0.0000000000
2355  -7.197  -89.985  7.689 0.0000000000
2363  -3.703  -91.659  10.790 0.0000000000
2364  -8.680  -94.938  7.513 0.0000000000
2518  -6.087  -92.408  -7.391 0.0000000000
2519  -5.424  -88.461  -9.457 0.0000000000
2746  -13.037  -89.851  4.799 0.0000000000
2747  -13.461  -88.378  2.437 0.0000000000
2748  -13.507  -89.792  0.980 0.0000000000
5262  -4.980  -94.737  10.963 0.0000000000
5263  -5.832  -93.708  8.877 0.0000000000
5264  -6.470  -96.409  8.294 0.0000000000
5650  -8.533  -93.320  -6.221 0.0000000000
5653  -7.111  -90.044  -11.582 0.0000000000
6097  -12.156  -87.561  0.110 0.0000000000
6098  -9.137  -88.829  -2.627 0.0000000000
8554  -13.932  -92.671  2.382 0.0000000000
8555  -14.141  -91.364  -0.930 0.0000000000
9620  -10.180  -89.118  7.326 0.0000000000
9621  -10.623  -90.886  6.744 0.0000000000
9646  -4.712  -90.844  8.310 0.0000000000
9647  -7.699  -92.295  7.536 0.0000000000
9648  -11.547  -93.227  6.204 0.0000000000
10108  -11.495  -91.277  -2.905 0.0000000000
10109  -8.195  -91.433  -4.244 0.0000000000
10110  -5.534  -90.862  -5.076 0.0000000000
10111  -6.695  -92.209  -10.677 0.0000000000
10112  -5.110  -90.563  -9.324 0.0000000000
10113  -4.394  -89.119  -5.855 0.0000000000
10114  -4.119  -86.406  -6.373 0.0000000000
10426  -13.256  -90.593  4.229 0.0000000000
10427  -13.522  -89.831  3.034 0.0000000000
10428  -13.703  -90.500  2.370 0.0000000000
11599  -7.999  -87.585  -1.977 0.0000000000
11603  -5.281  -87.625  -2.901 0.0000000000
12941  -4.785  -95.333  12.010 0.0000000000
12942  -4.963  -96.208  10.355 0.0000000000
12943  -5.504  -95.544  9.458 0.0000000000
12944  -5.702  -97.272  8.846 0.0000000000
13999  -12.822  -88.695  0.522 0.0000000000
14000  -12.943  -87.987  1.321 0.0000000000
14001  -11.922  -88.425  -0.469 0.0000000000
14002  -10.879  -88.036  -1.390 0.0000000000
14003  -10.506  -89.085  -1.930 0.0000000000
21484  -8.683  -89.607  7.661 0.0000000000
21485  -10.353  -89.960  7.020 0.0000000000
21486  -8.743  -90.544  7.258 0.0000000000
21543  -3.616  -92.330  12.555 0.0000000000
21545  -3.324  -90.549  12.418 0.0000000000
21547  -3.360  -89.963  10.706 0.0000000000
21548  -3.779  -89.477  9.415 0.0000000000
21549  -4.033  -91.202  9.277 0.0000000000
21550  -7.191  -94.313  8.221 0.0000000000
21551  -6.676  -93.091  8.113 0.0000000000
21552  -8.296  -93.575  7.716 0.0000000000
21553  -9.579  -92.875  7.243 0.0000000000
21554  -10.139  -94.151  7.001 0.0000000000
21555  -11.673  -94.237  5.614 0.0000000000
21556  -10.244  -95.344  6.400 0.0000000000
22704  -13.440  -91.885  -3.157 0.0000000000
22705  -13.090  -91.193  -1.994 0.0000000000
22706  -11.797  -92.147  -3.853 0.0000000000
22707  -7.140  -93.018  -6.771 0.0000000000
22708  -8.330  -92.567  -5.061 0.0000000000
22709  -6.881  -92.250  -5.780 0.0000000000
22710  -6.878  -91.225  -4.838 0.0000000000
22711  -5.729  -91.588  -6.470 0.0000000000
22715  -6.194  -89.319  -10.779 0.0000000000
22716  -5.732  -90.452  -10.731 0.0000000000
22717  -5.058  -89.628  -9.584 0.0000000000
22718  -4.641  -89.782  -7.637 0.0000000000
22719  -4.469  -88.707  -7.752 0.0000000000
22720  -3.924  -87.770  -6.203 0.0000000000
22721  -4.620  -87.451  -7.806 0.0000000000
23374  -12.906  -89.075  5.354 0.0000000000
23375  -13.321  -88.428  4.310 0.0000000000
23376  -13.473  -89.132  3.649 0.0000000000
23377  -13.472  -89.130  1.663 0.0000000000
23378  -12.783  -89.381  -0.287 0.0000000000
27867  -5.741  -88.941  8.559 0.0000000000
27903  -4.322  -93.826  12.474 0.0000000000
27904  -4.458  -93.330  11.075 0.0000000000
27905  -4.724  -92.858  9.668 0.0000000000
27906  -5.346  -94.183  9.851 0.0000000000
27907  -6.269  -94.888  8.689 0.0000000000
27908  -7.497  -95.625  7.913 0.0000000000
27909  -8.830  -96.026  7.039 0.0000000000
27910  -7.521  -96.870  7.439 0.0000000000
28600  -10.057  -93.197  -5.583 0.0000000000
28602  -7.680  -93.733  -7.872 0.0000000000
28603  -6.759  -93.151  -8.504 0.0000000000
28605  -8.042  -90.541  -11.603 0.0000000000
28607  -7.758  -88.805  -11.572 0.0000000000
28608  -6.912  -88.269  -10.346 0.0000000000
28609  -6.137  -87.442  -8.958 0.0000000000
29583  -13.398  -87.768  3.188 0.0000000000
29584  -13.020  -87.281  1.979 0.0000000000
29586  -11.052  -87.087  -0.826 0.0000000000
29587  -9.476  -87.706  -2.065 0.0000000000
29588  -7.686  -88.735  -2.754 0.0000000000
35926  -13.612  -91.936  3.155 0.0000000000
35927  -13.993  -91.264  1.460 0.0000000000
35928  -14.432  -91.844  0.628 0.0000000000
39097  -11.828  -89.460  6.402 0.0000000000
39098  -12.114  -90.376  5.892 0.0000000000
39099  -12.377  -91.238  5.494 0.0000000000
39173  -4.571  -89.139  8.672 0.0000000000
39174  -5.856  -90.504  7.776 0.0000000000
39175  -5.175  -92.434  8.562 0.0000000000
39176  -6.078  -91.905  7.780 0.0000000000
39177  -7.379  -91.215  7.292 0.0000000000
39178  -9.040  -91.543  7.134 0.0000000000
39179  -11.104  -92.082  6.442 0.0000000000
39180  -12.696  -92.177  5.091 0.0000000000
39181  -12.816  -93.064  4.596 0.0000000000
40558  -13.759  -90.587  0.118 0.0000000000
40559  -12.786  -90.321  -1.188 0.0000000000
40560  -11.385  -90.253  -2.029 0.0000000000
40561  -10.043  -92.457  -4.464 0.0000000000
40562  -9.669  -91.476  -3.500 0.0000000000
40563  -9.953  -90.344  -2.743 0.0000000000
40564  -8.652  -90.207  -3.454 0.0000000000
40565  -7.212  -90.121  -3.756 0.0000000000
40566  -5.866  -89.895  -3.743 0.0000000000
40569  -6.070  -92.374  -9.355 0.0000000000
40570  -6.726  -91.085  -11.267 0.0000000000
40571  -5.743  -91.433  -10.253 0.0000000000
40572  -5.361  -91.554  -8.405 0.0000000000
40573  -5.041  -90.770  -7.066 0.0000000000
40574  -4.945  -90.216  -5.501 0.0000000000
40575  -4.901  -89.102  -4.035 0.0000000000
40576  -4.129  -87.870  -4.361 0.0000000000
40579  -5.339  -86.449  -7.433 0.0000000000
41146  -13.340  -90.894  3.998 0.0000000000
41147  -13.544  -90.535  3.317 0.0000000000
41148  -13.636  -90.836  3.046 0.0000000000
42319  -7.103  -88.060  -2.243 0.0000000000
42320  -7.204  -87.489  -1.820 0.0000000000
42321  -6.462  -87.798  -2.220 0.0000000000
42322  -5.920  -87.468  -2.300 0.0000000000
42323  -5.782  -88.031  -2.754 0.0000000000
43660  -5.436  -97.267  10.534 0.0000000000
43661  -5.059  -96.532  10.827 0.0000000000
43662  -5.314  -97.065  10.053 0.0000000000
43663  -5.336  -96.766  9.524 0.0000000000
43664  -5.594  -97.607  9.255 0.0000000000
43665  -5.851  -97.891  8.591 0.0000000000
44719  -12.267  -88.989  -0.354 0.0000000000
44720  -12.372  -88.587  0.037 0.0000000000
44721  -11.748  -88.859  -0.795 0.0000000000
44722  -11.268  -88.687  -1.264 0.0000000000
44723  -11.032  -89.207  -1.538 0.0000000000
52202  -7.148  -89.431  8.040 0.0000000000
52203  -7.905  -89.299  7.967 0.0000000000
52204  -7.913  -89.819  7.666 0.0000000000
52205  -8.654  -90.096  7.468 0.0000000000
52206  -7.961  -90.319  7.427 0.0000000000
52263  -3.642  -92.011  11.670 0.0000000000
52264  -3.416  -91.461  12.460 0.0000000000
52265  -3.426  -91.113  11.552 0.0000000000
52266  -3.302  -90.239  11.543 0.0000000000
52267  -3.464  -90.804  10.696 0.0000000000
52268  -3.560  -90.560  9.824 0.0000000000
52269  -3.791  -91.416  9.872 0.0000000000
52270  -7.839  -94.603  7.907 0.0000000000
52271  -7.701  -93.943  7.952 0.0000000000
52272  -8.518  -94.266  7.655 0.0000000000
52273  -9.212  -93.887  7.413 0.0000000000
52274  -9.395  -94.578  7.246 0.0000000000
52275  -10.213  -94.781  6.738 0.0000000000
52276  -9.487  -95.169  7.003 0.0000000000
53424  -12.659  -92.267  -4.125 0.0000000000
53425  -12.636  -91.991  -3.592 0.0000000000
53426  -11.825  -92.456  -4.454 0.0000000000
53427  -6.558  -92.727  -7.121 0.0000000000
53428  -6.996  -92.662  -6.280 0.0000000000
53429  -6.450  -92.399  -6.524 0.0000000000
53430  -6.278  -91.949  -6.095 0.0000000000
53431  -5.871  -92.025  -6.886 0.0000000000
53435  -5.798  -88.952  -10.160 0.0000000000
53436  -5.554  -89.526  -10.279 0.0000000000
53437  -5.193  -89.071  -9.556 0.0000000000
53438  -4.777  -89.128  -8.691 0.0000000000
53439  -4.851  -88.550  -8.712 0.0000000000
53440  -4.468  -88.070  -7.810 0.0000000000
53441  -5.036  -87.950  -8.647 0.0000000000
54316  -12.975  -89.426  5.102 0.0000000000
54317  -13.239  -89.108  4.534 0.0000000000
54318  -13.316  -89.483  4.221 0.0000000000
54319  -13.579  -89.802  2.103 0.0000000000
54320  -13.555  -89.483  2.294 0.0000000000
54321  -13.487  -89.464  1.320 0.0000000000
54322  -13.207  -89.218  0.687 0.0000000000
54323  -13.182  -89.546  0.280 0.0000000000
61805  -5.743  -88.350  8.995 0.0000000000
61806  -5.142  -88.279  9.071 0.0000000000
61863  -4.778  -95.043  11.482 0.0000000000
61864  -4.638  -94.584  12.281 0.0000000000
61865  -4.675  -94.313  11.708 0.0000000000
61866  -4.372  -93.590  11.812 0.0000000000
61867  -4.803  -94.056  11.096 0.0000000000
61868  -4.957  -93.799  10.452 0.0000000000
61869  -5.132  -94.494  10.382 0.0000000000
61870  -5.912  -95.958  8.812 0.0000000000
61871  -5.872  -95.174  9.058 0.0000000000
61872  -6.371  -95.599  8.514 0.0000000000
61873  -6.848  -95.260  8.293 0.0000000000
61874  -6.997  -96.023  8.079 0.0000000000
61875  -7.619  -96.278  7.712 0.0000000000
61876  -7.018  -96.675  7.864 0.0000000000
63030  -7.209  -93.460  -8.150 0.0000000000
63036  -8.557  -88.291  -11.983 0.0000000000
63037  -8.116  -88.077  -11.470 0.0000000000
63038  -7.321  -88.472  -11.025 0.0000000000
63039  -7.757  -87.873  -10.811 0.0000000000
63040  -7.419  -87.670  -10.078 0.0000000000
65034  -13.491  -88.403  3.406 0.0000000000
65035  -13.457  -88.064  3.686 0.0000000000
65036  -13.443  -88.097  2.779 0.0000000000
65037  -12.585  -87.789  0.695 0.0000000000
65038  -12.986  -87.637  1.707 0.0000000000
65039  -12.621  -87.398  1.013 0.0000000000
65040  -12.658  -87.010  1.378 0.0000000000
65041  -12.173  -87.161  0.458 0.0000000000
65042  -11.710  -86.904  -0.023 0.0000000000
65043  -11.643  -87.342  -0.368 0.0000000000
65044  -10.032  -88.381  -2.070 0.0000000000
65045  -10.234  -87.830  -1.769 0.0000000000
65046  -9.355  -88.215  -2.395 0.0000000000
65047  -8.584  -88.205  -2.412 0.0000000000
65048  -8.396  -88.802  -2.751 0.0000000000
79606  -13.747  -92.334  2.744 0.0000000000
79607  -14.031  -91.903  1.895 0.0000000000
79608  -14.237  -92.247  1.504 0.0000000000
87490  -9.373  -88.900  7.692 0.0000000000
87492  -10.024  -88.701  7.498 0.0000000000
87494  -10.911  -88.904  7.130 0.0000000000
87495  -11.724  -89.080  6.573 0.0000000000
87496  -11.023  -89.297  6.984 0.0000000000
87497  -10.448  -90.395  6.897 0.0000000000
87498  -11.281  -90.162  6.595 0.0000000000
87499  -11.421  -90.686  6.407 0.0000000000
87500  -12.255  -90.835  5.681 0.0000000000
87501  -11.632  -91.158  6.242 0.0000000000
87685  -4.204  -90.126  8.732 0.0000000000
87686  -4.117  -89.296  8.940 0.0000000000
87687  -4.633  -90.021  8.367 0.0000000000
87688  -5.193  -89.869  8.172 0.0000000000
87689  -5.252  -90.727  7.942 0.0000000000
87690  -5.266  -93.320  9.239 0.0000000000
87691  -4.914  -92.653  9.083 0.0000000000
87692  -5.515  -93.116  8.774 0.0000000000
87693  -7.127  -92.690  7.709 0.0000000000
87694  -6.322  -92.502  7.966 0.0000000000
87695  -6.817  -92.140  7.675 0.0000000000
87696  -6.701  -91.612  7.467 0.0000000000
87697  -7.501  -91.761  7.389 0.0000000000
87698  -8.185  -91.378  7.177 0.0000000000
87699  -8.343  -91.918  7.318 0.0000000000
87700  -10.677  -93.123  6.792 0.0000000000
87701  -10.378  -92.500  6.846 0.0000000000
87702  -11.383  -92.650  6.349 0.0000000000
87703  -12.038  -92.139  5.904 0.0000000000
87704  -12.216  -92.690  5.737 0.0000000000
87705  -12.789  -92.608  4.897 0.0000000000
87706  -12.265  -93.167  5.523 0.0000000000
87707  -11.716  -94.767  5.278 0.0000000000
87708  -12.330  -94.176  4.796 0.0000000000
87712  -8.779  -96.562  6.738 0.0000000000
87713  -9.549  -96.135  6.447 0.0000000000
91149  -14.167  -91.301  0.247 0.0000000000
91150  -13.939  -90.896  0.756 0.0000000000
91151  -13.929  -90.984  -0.372 0.0000000000
91152  -12.339  -91.236  -2.540 0.0000000000
91153  -12.919  -90.776  -1.578 0.0000000000
91154  -12.217  -90.731  -2.081 0.0000000000
91155  -12.086  -90.258  -1.730 0.0000000000
91156  -11.368  -90.765  -2.495 0.0000000000
91157  -9.313  -93.314  -5.875 0.0000000000
91158  -10.128  -92.885  -4.997 0.0000000000
91159  -9.267  -92.975  -5.362 0.0000000000
91160  -8.211  -92.054  -4.585 0.0000000000
91161  -8.957  -92.115  -4.236 0.0000000000
91162  -8.935  -91.488  -3.810 0.0000000000
91163  -9.752  -90.922  -3.097 0.0000000000
91164  -9.032  -90.887  -3.501 0.0000000000
91165  -9.293  -90.277  -3.100 0.0000000000
91166  -8.352  -90.824  -3.841 0.0000000000
91167  -6.264  -91.060  -4.975 0.0000000000
91168  -7.015  -90.698  -4.246 0.0000000000
91169  -6.368  -90.575  -4.350 0.0000000000
91170  -6.539  -90.013  -3.742 0.0000000000
91171  -5.771  -90.445  -4.487 0.0000000000
91178  -6.544  -92.742  -9.640 0.0000000000
91179  -6.290  -92.326  -10.150 0.0000000000
91180  -7.588  -90.301  -11.739 0.0000000000
91181  -7.361  -90.853  -11.547 0.0000000000
91182  -6.823  -90.585  -11.465 0.0000000000
91183  -5.300  -90.503  -10.120 0.0000000000
91184  -5.718  -90.934  -10.547 0.0000000000
91185  -5.310  -90.997  -9.880 0.0000000000
91186  -5.475  -91.550  -9.425 0.0000000000
91187  -5.136  -91.100  -8.975 0.0000000000
91188  -5.170  -91.135  -7.855 0.0000000000
91189  -4.989  -90.661  -8.211 0.0000000000
91190  -4.527  -89.566  -6.707 0.0000000000
91191  -4.755  -90.119  -6.572 0.0000000000
91192  -4.670  -89.743  -5.707 0.0000000000
91193  -4.870  -89.731  -4.805 0.0000000000
91194  -4.537  -89.196  -4.897 0.0000000000
91195  -4.492  -88.554  -4.158 0.0000000000
91196  -4.189  -88.518  -5.096 0.0000000000
91197  -3.939  -87.074  -6.339 0.0000000000
91198  -3.729  -87.142  -5.443 0.0000000000
91202  -6.599  -87.015  -8.562 0.0000000000
91203  -5.730  -86.953  -8.192 0.0000000000
91204  -6.235  -86.570  -7.787 0.0000000000
92494  -13.126  -90.242  4.510 0.0000000000
92495  -13.365  -89.852  3.935 0.0000000000
92496  -13.427  -90.203  3.654 0.0000000000
92497  -13.592  -90.166  2.701 0.0000000000
92498  -13.639  -90.149  1.680 0.0000000000
94605  -8.903  -87.124  -1.684 0.0000000000
94607  -8.070  -87.065  -1.570 0.0000000000
97022  -4.945  -96.048  11.585 0.0000000000
97023  -4.834  -95.783  11.161 0.0000000000
97024  -4.857  -95.421  10.662 0.0000000000
97025  -5.181  -95.190  10.178 0.0000000000
97026  -5.206  -95.928  9.859 0.0000000000
97027  -5.554  -96.357  9.145 0.0000000000
97028  -5.990  -96.824  8.535 0.0000000000
97029  -6.459  -97.116  8.041 0.0000000000
97030  -6.044  -97.528  8.260 0.0000000000
98925  -13.227  -88.499  1.445 0.0000000000
98926  -13.250  -88.174  1.852 0.0000000000
98927  -12.914  -88.338  0.907 0.0000000000
98928  -12.489  -88.197  0.365 0.0000000000
98929  -12.059  -88.003  -0.188 0.0000000000
98930  -11.584  -87.772  -0.720 0.0000000000
98931  -11.456  -88.264  -0.955 0.0000000000
98932  -10.687  -88.551  -1.695 0.0000000000
98933  -9.836  -88.951  -2.302 0.0000000000
112399  -8.700  -89.096  7.863 0.0000000000
112400  -9.435  -89.344  7.525 0.0000000000
112401  -10.236  -89.527  7.213 0.0000000000
112402  -9.468  -89.793  7.369 0.0000000000
112403  -9.545  -90.234  7.195 0.0000000000
112404  -9.625  -90.630  7.090 0.0000000000
112505  -3.659  -92.560  13.409 0.0000000000
112507  -3.416  -91.676  13.433 0.0000000000
112508  -3.312  -90.806  13.299 0.0000000000
112511  -3.321  -89.642  12.420 0.0000000000
112512  -3.302  -89.343  11.593 0.0000000000
112513  -3.343  -89.081  10.857 0.0000000000
112514  -3.450  -88.837  10.280 0.0000000000
112515  -3.514  -89.714  9.935 0.0000000000
112516  -3.879  -90.337  9.247 0.0000000000
112517  -4.348  -91.005  8.723 0.0000000000
112518  -6.542  -94.028  8.517 0.0000000000
112519  -6.237  -93.457  8.483 0.0000000000
112520  -6.975  -93.732  8.195 0.0000000000
112521  -7.448  -93.293  7.899 0.0000000000
112522  -8.020  -92.900  7.642 0.0000000000
112523  -8.621  -92.518  7.436 0.0000000000
112524  -8.952  -93.214  7.479 0.0000000000
112525  -9.933  -93.539  7.173 0.0000000000
112526  -10.856  -93.708  6.625 0.0000000000
112527  -11.618  -93.720  5.974 0.0000000000
112528  -10.953  -94.238  6.348 0.0000000000
112529  -10.994  -94.801  6.034 0.0000000000
112530  -11.022  -95.322  5.715 0.0000000000
114594  -13.833  -91.612  -2.159 0.0000000000
114595  -13.689  -91.232  -1.423 0.0000000000
114596  -13.257  -91.575  -2.574 0.0000000000
114597  -12.536  -91.647  -2.928 0.0000000000
114598  -11.663  -91.765  -3.344 0.0000000000
114599  -7.818  -93.218  -6.516 0.0000000000
114600  -8.451  -92.963  -5.628 0.0000000000
114601  -7.585  -92.882  -6.022 0.0000000000
114602  -7.507  -92.460  -5.540 0.0000000000
114603  -7.421  -91.997  -5.027 0.0000000000
114604  -7.468  -91.369  -4.611 0.0000000000
114605  -6.796  -91.750  -5.316 0.0000000000
114606  -6.219  -91.501  -5.590 0.0000000000
114607  -5.627  -91.281  -5.786 0.0000000000
114613  -6.640  -89.774  -11.269 0.0000000000
114614  -6.382  -90.332  -11.179 0.0000000000
114615  -5.897  -89.971  -10.815 0.0000000000
114616  -5.366  -90.046  -10.281 0.0000000000
114617  -5.051  -90.081  -9.479 0.0000000000
114618  -4.829  -90.104  -8.458 0.0000000000
114619  -4.769  -89.639  -8.636 0.0000000000
114620  -4.541  -89.281  -7.717 0.0000000000
114621  -4.371  -88.985  -6.788 0.0000000000
114622  -4.104  -88.464  -6.043 0.0000000000
114623  -4.196  -88.367  -6.944 0.0000000000
114624  -4.154  -87.661  -7.048 0.0000000000
114625  -4.310  -86.979  -7.084 0.0000000000
115980  -13.122  -88.763  4.854 0.0000000000
115981  -13.369  -88.766  4.013 0.0000000000
115982  -13.529  -88.768  3.092 0.0000000000
115983  -13.499  -89.497  3.269 0.0000000000
115984  -13.554  -89.134  2.685 0.0000000000
115985  -13.460  -88.763  2.030 0.0000000000
115986  -13.182  -88.869  1.063 0.0000000000
115987  -12.787  -89.042  0.125 0.0000000000
115988  -12.241  -89.342  -0.732 0.0000000000
126464  -6.413  -88.940  8.524 0.0000000000
126465  -6.436  -89.525  8.120 0.0000000000
126548  -3.963  -93.124  12.565 0.0000000000
126549  -3.993  -92.847  11.782 0.0000000000
126550  -4.057  -92.526  10.959 0.0000000000
126551  -4.165  -92.287  10.141 0.0000000000
126552  -4.608  -93.103  10.375 0.0000000000
126553  -5.093  -93.553  9.821 0.0000000000
126554  -5.552  -93.923  9.316 0.0000000000
126555  -5.503  -94.839  9.723 0.0000000000
126556  -5.791  -94.511  9.251 0.0000000000
126557  -6.145  -94.276  8.813 0.0000000000
126558  -6.708  -94.601  8.453 0.0000000000
126559  -7.319  -94.923  8.123 0.0000000000
126560  -7.986  -95.264  7.778 0.0000000000
126561  -8.784  -95.530  7.303 0.0000000000
126562  -8.105  -95.859  7.576 0.0000000000
126563  -8.137  -96.451  7.297 0.0000000000
126565  -6.949  -97.297  7.602 0.0000000000
128170  -10.914  -92.962  -5.318 0.0000000000
128176  -7.924  -93.580  -7.086 0.0000000000
128177  -7.396  -93.385  -7.310 0.0000000000
128178  -6.843  -93.151  -7.596 0.0000000000
128179  -6.367  -92.816  -8.057 0.0000000000
128183  -8.327  -89.965  -11.850 0.0000000000
128184  -7.913  -89.690  -11.901 0.0000000000
128186  -8.249  -89.024  -11.999 0.0000000000
128187  -7.428  -89.431  -11.691 0.0000000000
128188  -6.964  -89.128  -11.206 0.0000000000
128189  -6.514  -88.734  -10.606 0.0000000000
128190  -6.115  -88.354  -9.990 0.0000000000
128191  -5.738  -87.913  -9.296 0.0000000000
128192  -6.550  -87.846  -9.695 0.0000000000
128193  -7.017  -87.402  -9.312 0.0000000000
130764  -13.252  -87.851  2.255 0.0000000000
130765  -13.243  -87.505  2.623 0.0000000000
130773  -11.007  -87.540  -1.103 0.0000000000
130774  -10.309  -87.351  -1.510 0.0000000000
130775  -9.638  -87.215  -1.681 0.0000000000
130776  -8.745  -87.653  -2.045 0.0000000000
130777  -7.839  -88.146  -2.350 0.0000000000
130778  -6.959  -88.637  -2.689 0.0000000000
148762  -13.520  -91.598  3.469 0.0000000000
148763  -13.773  -91.250  2.653 0.0000000000
148764  -13.873  -91.592  2.280 0.0000000000
148765  -14.176  -91.581  1.039 0.0000000000
148766  -14.457  -91.551  -0.205 0.0000000000
148767  -14.626  -92.219  0.250 0.0000000000
148768  -14.670  -91.843  -0.632 0.0000000000
148769  -14.341  -91.648  -1.464 0.0000000000
148770  -14.092  -91.843  -2.555 0.0000000000
158246  -12.414  -89.247  5.914 0.0000000000
158247  -12.530  -89.661  5.629 0.0000000000
158248  -11.141  -89.702  6.802 0.0000000000
158249  -11.991  -89.896  6.107 0.0000000000
158250  -12.643  -90.099  5.347 0.0000000000
158251  -12.751  -90.525  5.106 0.0000000000
158252  -12.878  -90.917  4.861 0.0000000000
158253  -12.960  -91.224  4.673 0.0000000000
158473  -3.742  -88.638  9.736 0.0000000000
158474  -4.122  -88.468  9.351 0.0000000000
158475  -4.590  -88.305  9.093 0.0000000000
158476  -5.136  -89.016  8.554 0.0000000000
158477  -5.799  -89.706  8.086 0.0000000000
158478  -6.489  -90.250  7.634 0.0000000000
158479  -4.313  -92.050  9.457 0.0000000000
158480  -4.529  -91.850  8.895 0.0000000000
158481  -4.872  -91.647  8.405 0.0000000000
158482  -5.913  -92.812  8.373 0.0000000000
158483  -5.548  -92.183  8.133 0.0000000000
158484  -5.344  -91.452  7.993 0.0000000000
158485  -5.941  -91.243  7.683 0.0000000000
158486  -6.604  -90.946  7.442 0.0000000000
158487  -7.276  -90.618  7.391 0.0000000000
158488  -8.067  -90.874  7.176 0.0000000000
158489  -8.872  -91.028  7.110 0.0000000000
158490  -9.864  -91.229  6.913 0.0000000000
158491  -9.288  -92.179  7.219 0.0000000000
158492  -10.082  -91.854  6.861 0.0000000000
158493  -10.870  -91.500  6.558 0.0000000000
158494  -11.781  -91.674  6.062 0.0000000000
158495  -12.529  -91.686  5.290 0.0000000000
158496  -13.097  -91.690  4.413 0.0000000000
158497  -13.196  -92.072  4.191 0.0000000000
158498  -13.271  -92.488  3.883 0.0000000000
158499  -13.368  -92.896  3.501 0.0000000000
158500  -12.290  -93.676  5.178 0.0000000000
158501  -12.880  -93.515  4.173 0.0000000000
158502  -13.502  -93.270  3.118 0.0000000000
158506  -9.542  -95.693  6.719 0.0000000000
158507  -10.313  -95.804  6.097 0.0000000000
162628  -13.849  -90.880  1.955 0.0000000000
162629  -13.822  -90.557  1.334 0.0000000000
162630  -13.596  -90.201  0.575 0.0000000000
162631  -13.484  -90.848  -0.979 0.0000000000
162632  -13.329  -90.426  -0.538 0.0000000000
162633  -13.209  -90.005  -0.127 0.0000000000
162634  -12.739  -89.826  -0.765 0.0000000000
162635  -12.202  -89.748  -1.184 0.0000000000
162636  -11.497  -89.750  -1.587 0.0000000000
162637  -11.028  -92.678  -4.716 0.0000000000
162638  -10.921  -92.326  -4.150 0.0000000000
162639  -10.766  -91.880  -3.684 0.0000000000
162640  -9.185  -92.537  -4.708 0.0000000000
162641  -9.793  -92.001  -3.950 0.0000000000
162642  -10.562  -91.357  -3.233 0.0000000000
162643  -10.533  -90.824  -2.801 0.0000000000
162644  -10.633  -90.286  -2.362 0.0000000000
162645  -10.813  -89.731  -1.980 0.0000000000
162646  -10.225  -89.711  -2.285 0.0000000000
162647  -9.604  -89.616  -2.675 0.0000000000
162648  -8.898  -89.517  -2.942 0.0000000000
162649  -7.640  -90.791  -4.139 0.0000000000
162650  -7.879  -90.184  -3.659 0.0000000000
162651  -8.142  -89.517  -3.190 0.0000000000
162652  -7.439  -89.448  -3.163 0.0000000000
162653  -6.751  -89.352  -3.185 0.0000000000
162654  -6.063  -89.175  -3.189 0.0000000000
162661  -6.816  -93.151  -9.221 0.0000000000
162662  -6.388  -92.771  -8.939 0.0000000000
162663  -5.966  -92.453  -8.409 0.0000000000
162666  -6.679  -91.670  -11.033 0.0000000000
162667  -6.248  -90.754  -11.096 0.0000000000
162668  -6.175  -91.238  -10.881 0.0000000000
162669  -6.190  -91.797  -10.586 0.0000000000
162670  -5.826  -91.880  -9.911 0.0000000000
162671  -5.681  -91.990  -8.907 0.0000000000
162672  -5.680  -91.992  -7.874 0.0000000000
162673  -5.456  -91.576  -7.359 0.0000000000
162674  -5.329  -91.196  -6.787 0.0000000000
162675  -5.220  -90.910  -6.069 0.0000000000
162676  -4.838  -90.316  -7.343 0.0000000000
162677  -4.915  -90.555  -6.365 0.0000000000
162678  -5.225  -90.575  -5.331 0.0000000000
162679  -5.286  -90.132  -4.617 0.0000000000
162680  -5.350  -89.539  -3.908 0.0000000000
162681  -5.539  -88.805  -3.289 0.0000000000
162682  -5.070  -88.371  -3.432 0.0000000000
162683  -4.600  -87.794  -3.542 0.0000000000
162684  -4.225  -87.246  -3.692 0.0000000000
162685  -3.881  -87.814  -5.267 0.0000000000
162686  -3.825  -87.238  -4.532 0.0000000000
162691  -5.313  -87.389  -8.503 0.0000000000
162692  -4.885  -86.857  -7.704 0.0000000000
162693  -4.608  -86.358  -7.033 0.0000000000
162694  -5.918  -86.067  -7.027 0.0000000000
162695  -5.080  -85.899  -6.737 0.0000000000
162696  -4.417  -85.798  -6.267 0.0000000000
