#!ascii label  , from subject fsaverage vox2ras=TkReg coords=white
626
553  5.049  -83.563  10.104 0.0000000000
1376  6.823  -90.427  -10.647 0.0000000000
1760  14.200  -88.390  6.073 0.0000000000
1762  11.703  -88.672  0.248 0.0000000000
1763  5.787  -89.381  -4.670 0.0000000000
1764  6.362  -86.697  -8.303 0.0000000000
2296  5.262  -88.571  10.731 0.0000000000
2297  7.723  -88.490  7.377 0.0000000000
2298  10.321  -84.322  9.270 0.0000000000
3893  14.589  -86.803  5.735 0.0000000000
3894  14.050  -88.285  2.750 0.0000000000
3895  13.504  -86.896  2.257 0.0000000000
3897  7.858  -87.282  -2.782 0.0000000000
3898  5.131  -86.466  -4.024 0.0000000000
3899  4.631  -88.004  -7.070 0.0000000000
3900  4.814  -84.961  -6.081 0.0000000000
5097  5.060  -85.982  10.158 0.0000000000
5098  5.448  -88.510  7.992 0.0000000000
5099  5.897  -85.831  7.908 0.0000000000
5100  8.699  -86.158  7.849 0.0000000000
5101  7.365  -83.650  8.755 0.0000000000
7084  6.749  -92.393  -7.946 0.0000000000
7946  14.210  -89.769  6.176 0.0000000000
7948  15.008  -89.272  2.966 0.0000000000
7949  13.136  -89.592  -0.048 0.0000000000
7950  10.010  -90.580  -2.397 0.0000000000
7951  10.943  -87.130  -0.478 0.0000000000
7952  8.754  -89.405  -2.265 0.0000000000
7953  7.105  -91.427  -5.009 0.0000000000
7954  5.454  -90.720  -8.120 0.0000000000
7955  6.164  -88.816  -10.253 0.0000000000
9447  5.838  -91.289  8.999 0.0000000000
9448  7.644  -91.082  7.848 0.0000000000
9449  10.782  -90.265  8.096 0.0000000000
9450  11.150  -88.277  8.113 0.0000000000
9451  12.073  -86.595  8.337 0.0000000000
9452  13.771  -84.957  8.639 0.0000000000
10033  7.150  -83.580  -6.039 0.0000000000
11573  15.201  -85.886  5.533 0.0000000000
11574  14.408  -86.856  3.842 0.0000000000
11575  14.926  -85.825  3.497 0.0000000000
11577  5.849  -85.618  -2.826 0.0000000000
11578  4.753  -85.036  -3.695 0.0000000000
11579  4.510  -85.665  -4.968 0.0000000000
11580  4.448  -84.292  -4.841 0.0000000000
12775  5.519  -83.655  11.346 0.0000000000
12776  5.806  -84.848  11.190 0.0000000000
12777  5.036  -84.712  10.089 0.0000000000
12778  4.936  -85.906  8.883 0.0000000000
12779  5.298  -84.580  8.918 0.0000000000
12780  6.529  -84.639  8.219 0.0000000000
12781  5.799  -83.462  9.116 0.0000000000
15646  6.639  -91.485  -9.423 0.0000000000
17438  14.164  -88.995  6.195 0.0000000000
17439  15.060  -89.523  4.606 0.0000000000
17440  14.783  -88.792  4.506 0.0000000000
17441  13.031  -88.397  1.395 0.0000000000
17442  13.716  -88.734  1.402 0.0000000000
17443  12.445  -89.073  0.174 0.0000000000
17444  11.578  -90.090  -1.232 0.0000000000
17445  10.945  -89.521  -0.932 0.0000000000
17447  12.402  -85.905  0.410 0.0000000000
17448  10.888  -86.025  -0.947 0.0000000000
17449  6.572  -88.430  -3.583 0.0000000000
17450  8.193  -88.433  -2.505 0.0000000000
17451  7.058  -89.578  -3.551 0.0000000000
17452  7.741  -90.482  -3.659 0.0000000000
17453  6.284  -90.530  -4.801 0.0000000000
17454  5.993  -91.264  -6.472 0.0000000000
17455  5.362  -90.080  -6.237 0.0000000000
17456  5.237  -87.268  -7.946 0.0000000000
17457  5.272  -88.713  -8.701 0.0000000000
17458  6.212  -87.842  -9.379 0.0000000000
17459  7.374  -87.450  -10.766 0.0000000000
17460  7.666  -86.752  -9.806 0.0000000000
21053  5.399  -91.274  10.488 0.0000000000
21054  5.255  -89.956  9.720 0.0000000000
21055  6.437  -88.606  7.430 0.0000000000
21056  6.406  -89.947  7.708 0.0000000000
21057  7.481  -89.778  7.571 0.0000000000
21058  8.984  -90.718  8.046 0.0000000000
21059  9.129  -89.332  7.854 0.0000000000
21060  10.972  -89.170  8.065 0.0000000000
21061  9.408  -88.305  7.720 0.0000000000
21062  9.438  -85.160  8.552 0.0000000000
21063  10.206  -86.282  8.319 0.0000000000
21064  11.083  -85.406  8.910 0.0000000000
21065  12.885  -85.730  8.606 0.0000000000
21066  12.017  -84.678  9.349 0.0000000000
24364  7.684  -89.167  -11.407 0.0000000000
25439  14.211  -87.770  5.848 0.0000000000
25440  14.466  -88.345  4.369 0.0000000000
25441  14.223  -87.837  4.121 0.0000000000
25442  13.576  -87.852  2.551 0.0000000000
25443  12.360  -88.025  1.313 0.0000000000
25445  9.171  -86.048  -1.932 0.0000000000
25446  7.434  -85.918  -2.586 0.0000000000
25447  6.381  -87.080  -3.425 0.0000000000
25448  5.483  -87.961  -4.460 0.0000000000
25449  5.014  -88.706  -5.890 0.0000000000
25450  4.678  -87.177  -5.440 0.0000000000
25451  4.619  -86.417  -6.491 0.0000000000
25452  5.470  -85.744  -7.232 0.0000000000
27606  5.802  -86.260  11.323 0.0000000000
27607  5.176  -87.307  10.371 0.0000000000
27608  5.093  -88.582  9.208 0.0000000000
27609  4.893  -87.196  9.023 0.0000000000
27610  5.525  -87.159  7.878 0.0000000000
27611  6.808  -87.198  7.337 0.0000000000
27612  8.221  -87.335  7.422 0.0000000000
27613  7.266  -86.016  7.684 0.0000000000
27614  7.973  -84.902  8.238 0.0000000000
27615  8.801  -83.987  8.926 0.0000000000
31888  7.379  -92.777  -6.580 0.0000000000
34184  14.271  -90.507  6.285 0.0000000000
34186  15.237  -90.224  4.759 0.0000000000
34187  15.394  -89.969  3.029 0.0000000000
34189  14.564  -88.703  2.911 0.0000000000
34190  14.309  -89.272  1.293 0.0000000000
34192  12.245  -90.647  -1.589 0.0000000000
34193  10.695  -91.122  -2.645 0.0000000000
34194  9.103  -91.598  -3.907 0.0000000000
34195  13.783  -85.800  1.747 0.0000000000
34196  12.300  -86.970  0.860 0.0000000000
34197  11.193  -88.112  0.095 0.0000000000
34198  9.512  -87.239  -1.764 0.0000000000
34199  9.814  -88.318  -1.157 0.0000000000
34200  10.341  -89.005  -0.907 0.0000000000
34201  9.350  -90.045  -2.234 0.0000000000
34202  8.517  -91.108  -3.756 0.0000000000
34203  7.845  -92.132  -5.183 0.0000000000
34204  6.704  -92.158  -6.505 0.0000000000
34205  6.111  -91.660  -8.157 0.0000000000
34206  5.971  -90.837  -9.694 0.0000000000
34207  4.922  -89.501  -7.565 0.0000000000
34208  5.591  -89.942  -9.424 0.0000000000
34209  6.381  -89.695  -10.709 0.0000000000
34210  7.385  -88.311  -11.281 0.0000000000
38577  5.577  -92.432  11.447 0.0000000000
38578  6.191  -92.426  9.960 0.0000000000
38579  6.971  -92.407  8.866 0.0000000000
38580  5.558  -89.899  8.406 0.0000000000
38581  6.591  -91.235  8.162 0.0000000000
38582  8.119  -92.268  8.297 0.0000000000
38583  9.286  -91.971  8.288 0.0000000000
38584  10.936  -91.536  8.199 0.0000000000
38585  12.738  -90.984  7.467 0.0000000000
38586  12.705  -89.948  7.496 0.0000000000
38587  12.802  -89.128  7.451 0.0000000000
38588  12.922  -88.377  7.431 0.0000000000
38589  9.795  -87.343  7.795 0.0000000000
38590  11.541  -87.467  8.030 0.0000000000
38591  13.188  -87.730  7.404 0.0000000000
38592  13.776  -86.852  7.429 0.0000000000
38593  14.539  -85.954  7.328 0.0000000000
38594  15.194  -85.143  7.129 0.0000000000
40333  4.822  -83.402  -5.697 0.0000000000
40334  5.744  -84.040  -6.535 0.0000000000
40335  6.916  -85.142  -7.138 0.0000000000
42293  15.519  -85.495  5.289 0.0000000000
42294  15.176  -85.882  4.531 0.0000000000
42295  15.431  -85.455  4.292 0.0000000000
42299  4.521  -84.662  -4.282 0.0000000000
43495  5.148  -83.631  10.707 0.0000000000
43496  5.250  -84.193  10.651 0.0000000000
43497  5.018  -84.127  10.080 0.0000000000
43498  5.015  -84.644  9.472 0.0000000000
43499  5.118  -84.039  9.492 0.0000000000
43500  5.535  -83.988  8.999 0.0000000000
43501  5.219  -83.460  9.543 0.0000000000
46366  6.674  -90.980  -10.087 0.0000000000
48158  14.196  -88.692  6.092 0.0000000000
48159  14.565  -88.910  5.354 0.0000000000
48160  14.501  -88.611  5.280 0.0000000000
48161  12.368  -88.530  0.786 0.0000000000
48162  12.745  -88.696  0.771 0.0000000000
48163  12.069  -88.900  0.180 0.0000000000
48164  11.735  -89.300  -0.416 0.0000000000
48165  11.369  -89.087  -0.346 0.0000000000
48169  6.146  -88.927  -4.082 0.0000000000
48170  6.748  -89.030  -3.552 0.0000000000
48171  6.350  -89.526  -4.075 0.0000000000
48172  6.639  -90.074  -4.131 0.0000000000
48173  5.986  -89.972  -4.733 0.0000000000
48174  5.770  -90.346  -5.491 0.0000000000
48175  5.476  -89.739  -5.459 0.0000000000
48176  5.743  -86.917  -8.157 0.0000000000
48177  5.661  -87.667  -8.689 0.0000000000
48178  6.235  -87.280  -8.878 0.0000000000
48179  6.880  -87.283  -9.605 0.0000000000
48180  7.036  -86.833  -9.061 0.0000000000
51772  5.394  -89.215  10.971 0.0000000000
51773  5.259  -89.906  10.450 0.0000000000
51774  5.159  -89.262  10.216 0.0000000000
51775  7.052  -88.567  7.362 0.0000000000
51776  6.951  -89.263  7.473 0.0000000000
51777  7.572  -89.151  7.496 0.0000000000
51778  8.270  -89.544  7.741 0.0000000000
51779  8.411  -88.910  7.607 0.0000000000
51780  9.236  -88.780  7.801 0.0000000000
51781  8.575  -88.390  7.495 0.0000000000
51782  9.875  -84.714  8.904 0.0000000000
51783  10.229  -85.242  8.746 0.0000000000
51784  10.709  -84.874  9.078 0.0000000000
51785  11.548  -85.048  9.142 0.0000000000
51786  11.124  -84.497  9.357 0.0000000000
55966  8.339  -88.514  -11.658 0.0000000000
55967  8.668  -88.796  -11.513 0.0000000000
57758  14.351  -87.315  5.773 0.0000000000
57759  14.358  -87.829  5.024 0.0000000000
57760  14.471  -87.352  4.902 0.0000000000
57761  13.984  -86.865  3.002 0.0000000000
57762  13.918  -87.417  3.187 0.0000000000
57763  13.418  -87.433  2.429 0.0000000000
57764  12.960  -87.932  1.894 0.0000000000
57765  12.839  -87.480  1.740 0.0000000000
57769  5.480  -86.069  -3.402 0.0000000000
57770  6.172  -86.307  -3.160 0.0000000000
57771  5.684  -86.808  -3.662 0.0000000000
57772  5.851  -87.551  -3.850 0.0000000000
57773  5.291  -87.213  -4.244 0.0000000000
57774  5.015  -87.597  -4.904 0.0000000000
57775  4.834  -86.831  -4.683 0.0000000000
57776  4.571  -85.308  -5.549 0.0000000000
57777  4.527  -86.053  -5.722 0.0000000000
57778  4.720  -85.681  -6.235 0.0000000000
57779  4.956  -86.055  -7.003 0.0000000000
57780  5.083  -85.337  -6.728 0.0000000000
61368  5.384  -85.418  10.660 0.0000000000
61369  5.801  -85.527  11.182 0.0000000000
61370  5.393  -86.053  10.757 0.0000000000
61371  5.403  -86.737  10.905 0.0000000000
61372  5.105  -86.648  10.241 0.0000000000
61373  4.974  -87.243  9.678 0.0000000000
61374  4.918  -86.593  9.605 0.0000000000
61375  5.265  -85.877  8.259 0.0000000000
61376  5.172  -86.530  8.334 0.0000000000
61377  5.662  -86.514  7.837 0.0000000000
61378  6.091  -87.168  7.481 0.0000000000
61379  6.321  -86.514  7.552 0.0000000000
61380  7.024  -86.593  7.478 0.0000000000
61381  6.560  -85.876  7.724 0.0000000000
61382  6.956  -84.124  8.428 0.0000000000
61383  7.263  -84.764  8.175 0.0000000000
61384  7.673  -84.257  8.465 0.0000000000
61385  8.375  -84.410  8.578 0.0000000000
61386  8.065  -83.797  8.795 0.0000000000
69976  6.979  -92.657  -7.261 0.0000000000
75353  14.203  -90.104  6.268 0.0000000000
75354  14.831  -90.380  5.563 0.0000000000
75355  14.813  -90.019  5.471 0.0000000000
75356  15.106  -89.376  3.784 0.0000000000
75357  15.261  -89.736  3.847 0.0000000000
75358  15.195  -89.612  2.982 0.0000000000
75360  14.990  -89.518  2.144 0.0000000000
75361  14.338  -88.321  3.553 0.0000000000
75362  14.583  -88.492  3.602 0.0000000000
75363  14.312  -88.470  2.866 0.0000000000
75364  13.457  -89.159  0.685 0.0000000000
75365  14.081  -88.991  1.415 0.0000000000
75366  13.783  -89.414  0.621 0.0000000000
75367  14.078  -89.686  0.543 0.0000000000
75368  13.471  -89.839  -0.151 0.0000000000
75369  13.016  -90.350  -1.003 0.0000000000
75370  12.747  -90.051  -0.817 0.0000000000
75371  10.779  -90.330  -1.803 0.0000000000
75372  11.121  -90.642  -1.950 0.0000000000
75373  10.325  -90.831  -2.527 0.0000000000
75374  9.852  -91.323  -3.293 0.0000000000
75375  9.567  -91.079  -3.142 0.0000000000
75377  14.545  -85.323  2.446 0.0000000000
75379  11.679  -86.510  -0.029 0.0000000000
75380  12.353  -86.439  0.626 0.0000000000
75381  11.651  -87.027  0.197 0.0000000000
75382  11.667  -87.563  0.462 0.0000000000
75383  11.030  -87.640  -0.180 0.0000000000
75384  8.518  -86.666  -2.423 0.0000000000
75385  9.356  -86.674  -1.918 0.0000000000
75386  8.705  -87.269  -2.309 0.0000000000
75387  8.453  -88.950  -2.361 0.0000000000
75388  8.999  -88.372  -1.901 0.0000000000
75389  9.282  -88.815  -1.668 0.0000000000
75390  10.041  -88.668  -0.969 0.0000000000
75391  9.580  -89.207  -1.562 0.0000000000
75392  9.864  -89.531  -1.530 0.0000000000
75393  9.059  -89.737  -2.252 0.0000000000
75394  7.403  -90.968  -4.316 0.0000000000
75395  8.143  -90.822  -3.707 0.0000000000
75396  7.812  -91.306  -4.386 0.0000000000
75397  8.198  -91.618  -4.559 0.0000000000
75398  7.495  -91.805  -5.151 0.0000000000
75399  7.231  -92.204  -5.831 0.0000000000
75400  6.897  -91.843  -5.759 0.0000000000
75401  5.647  -91.061  -7.281 0.0000000000
75402  5.950  -91.603  -7.356 0.0000000000
75403  5.787  -91.263  -8.201 0.0000000000
75404  5.998  -91.291  -8.958 0.0000000000
75405  5.717  -90.863  -8.952 0.0000000000
75406  4.757  -88.341  -6.488 0.0000000000
75407  4.891  -89.095  -6.731 0.0000000000
75408  4.739  -88.780  -7.367 0.0000000000
75409  5.701  -88.912  -9.532 0.0000000000
75410  5.429  -89.327  -9.096 0.0000000000
75411  5.735  -89.420  -9.955 0.0000000000
75412  5.910  -89.858  -10.166 0.0000000000
75413  6.251  -89.243  -10.532 0.0000000000
75414  6.795  -89.042  -11.012 0.0000000000
75415  6.730  -88.597  -10.816 0.0000000000
75416  8.167  -86.799  -10.993 0.0000000000
75417  8.081  -87.157  -11.268 0.0000000000
86198  5.478  -92.328  12.298 0.0000000000
86199  5.389  -91.804  11.738 0.0000000000
86200  5.513  -91.269  9.671 0.0000000000
86201  5.683  -91.924  10.185 0.0000000000
86202  5.986  -91.873  9.458 0.0000000000
86203  6.547  -92.403  9.327 0.0000000000
86204  6.353  -91.867  8.888 0.0000000000
86205  5.189  -88.528  8.544 0.0000000000
86206  5.265  -89.240  8.726 0.0000000000
86207  5.471  -89.177  8.161 0.0000000000
86208  6.958  -90.601  7.737 0.0000000000
86209  6.474  -90.595  7.904 0.0000000000
86210  7.085  -91.237  7.925 0.0000000000
86211  7.307  -91.808  8.172 0.0000000000
86212  7.827  -91.730  8.035 0.0000000000
86213  8.664  -92.120  8.235 0.0000000000
86214  8.421  -91.575  8.026 0.0000000000
86215  9.804  -90.470  8.180 0.0000000000
86216  9.930  -91.198  8.184 0.0000000000
86217  10.808  -90.911  8.126 0.0000000000
86218  11.808  -91.271  7.927 0.0000000000
86219  11.749  -90.658  7.871 0.0000000000
86220  12.757  -90.465  7.435 0.0000000000
86221  11.795  -90.104  7.849 0.0000000000
86222  10.987  -88.695  8.138 0.0000000000
86223  11.907  -89.155  7.849 0.0000000000
86224  11.970  -88.717  7.871 0.0000000000
86225  12.845  -88.737  7.451 0.0000000000
86226  12.095  -88.332  7.907 0.0000000000
86227  8.468  -86.737  7.577 0.0000000000
86228  9.045  -87.360  7.552 0.0000000000
86229  9.216  -86.774  7.766 0.0000000000
86230  11.155  -86.431  8.437 0.0000000000
86231  10.882  -86.899  8.188 0.0000000000
86232  11.769  -87.039  8.171 0.0000000000
86233  12.435  -87.587  7.894 0.0000000000
86234  12.651  -87.196  7.939 0.0000000000
86235  13.460  -87.344  7.397 0.0000000000
86236  12.973  -86.723  7.989 0.0000000000
86237  13.433  -85.390  8.623 0.0000000000
86238  13.797  -85.875  8.051 0.0000000000
86239  14.186  -85.475  8.016 0.0000000000
86240  14.838  -85.526  7.259 0.0000000000
86241  14.534  -85.067  7.948 0.0000000000
90589  6.556  -83.008  -5.917 0.0000000000
90590  5.821  -83.273  -6.189 0.0000000000
90591  6.356  -83.772  -6.337 0.0000000000
90592  6.321  -84.539  -6.753 0.0000000000
90593  6.985  -84.344  -6.534 0.0000000000
94559  14.889  -86.309  5.688 0.0000000000
94560  14.650  -86.858  4.806 0.0000000000
94561  14.896  -86.362  4.697 0.0000000000
94562  14.672  -86.312  3.693 0.0000000000
94563  14.258  -86.306  2.841 0.0000000000
94567  5.154  -85.407  -3.110 0.0000000000
94568  4.953  -85.744  -3.822 0.0000000000
94569  4.734  -86.103  -4.466 0.0000000000
94570  4.627  -85.348  -4.336 0.0000000000
94571  4.497  -84.949  -4.883 0.0000000000
94572  4.564  -84.617  -5.459 0.0000000000
96723  6.073  -83.640  12.007 0.0000000000
96724  6.243  -84.239  11.845 0.0000000000
96725  5.703  -84.229  11.259 0.0000000000
96726  5.367  -84.796  10.634 0.0000000000
96727  5.060  -85.339  10.115 0.0000000000
96728  4.913  -85.946  9.537 0.0000000000
96729  4.932  -85.284  9.490 0.0000000000
96730  5.078  -85.233  8.878 0.0000000000
96731  5.536  -85.162  8.328 0.0000000000
96732  6.186  -85.194  8.048 0.0000000000
96733  5.863  -84.570  8.468 0.0000000000
96734  6.192  -84.028  8.639 0.0000000000
96735  6.557  -83.525  8.869 0.0000000000
101890  6.628  -91.981  -8.705 0.0000000000
105116  14.176  -89.373  6.200 0.0000000000
105117  14.712  -89.699  5.376 0.0000000000
105118  14.621  -89.268  5.431 0.0000000000
105119  14.917  -89.139  4.588 0.0000000000
105120  14.954  -89.016  3.771 0.0000000000
105121  13.613  -88.304  2.046 0.0000000000
105122  13.896  -88.476  2.099 0.0000000000
105123  13.385  -88.532  1.404 0.0000000000
105124  13.102  -88.876  0.789 0.0000000000
105125  12.779  -89.339  0.044 0.0000000000
105126  12.404  -89.801  -0.687 0.0000000000
105127  12.068  -89.547  -0.543 0.0000000000
105128  11.256  -89.792  -1.074 0.0000000000
105129  10.494  -90.043  -1.628 0.0000000000
105133  11.670  -85.958  -0.262 0.0000000000
105134  10.953  -86.606  -0.746 0.0000000000
105135  7.220  -87.874  -3.127 0.0000000000
105136  7.999  -87.884  -2.658 0.0000000000
105137  7.350  -88.465  -3.060 0.0000000000
105138  7.613  -89.006  -2.978 0.0000000000
105139  7.899  -89.577  -2.945 0.0000000000
105140  8.223  -89.907  -2.966 0.0000000000
105141  7.377  -90.078  -3.593 0.0000000000
105142  6.976  -90.567  -4.226 0.0000000000
105143  6.684  -91.009  -4.900 0.0000000000
105144  6.490  -91.404  -5.706 0.0000000000
105145  6.081  -90.887  -5.617 0.0000000000
105146  5.677  -90.701  -6.352 0.0000000000
105147  5.376  -90.452  -7.119 0.0000000000
105148  4.818  -87.663  -7.589 0.0000000000
105149  4.857  -88.414  -7.877 0.0000000000
105150  5.198  -88.048  -8.337 0.0000000000
105151  5.662  -88.345  -9.118 0.0000000000
105152  6.183  -88.321  -9.865 0.0000000000
105153  6.726  -88.148  -10.524 0.0000000000
105154  6.773  -87.707  -10.110 0.0000000000
105155  7.463  -87.062  -10.323 0.0000000000
105156  8.289  -86.438  -10.540 0.0000000000
111623  5.335  -91.273  11.272 0.0000000000
111624  5.320  -90.572  10.768 0.0000000000
111625  5.316  -90.581  9.998 0.0000000000
111626  5.443  -90.631  9.309 0.0000000000
111627  5.890  -88.519  7.594 0.0000000000
111628  5.895  -89.262  7.760 0.0000000000
111629  6.388  -89.281  7.556 0.0000000000
111630  6.908  -89.920  7.583 0.0000000000
111631  7.529  -90.419  7.698 0.0000000000
111632  8.261  -90.907  7.895 0.0000000000
111633  8.166  -90.229  7.839 0.0000000000
111634  8.968  -89.999  7.988 0.0000000000
111635  9.894  -89.814  8.059 0.0000000000
111636  10.882  -89.694  8.056 0.0000000000
111637  10.004  -89.226  8.006 0.0000000000
111638  10.110  -88.704  7.983 0.0000000000
111639  10.220  -88.251  7.938 0.0000000000
111640  9.051  -85.670  8.214 0.0000000000
111641  9.472  -86.240  8.074 0.0000000000
111642  9.803  -85.732  8.425 0.0000000000
111643  10.633  -85.802  8.640 0.0000000000
111644  11.498  -86.012  8.707 0.0000000000
111645  12.446  -86.149  8.492 0.0000000000
111646  11.962  -85.587  8.939 0.0000000000
111647  12.462  -85.223  9.065 0.0000000000
111648  12.931  -84.833  9.117 0.0000000000
118288  7.133  -89.824  -11.079 0.0000000000
118289  7.512  -90.158  -10.945 0.0000000000
118290  8.052  -89.461  -11.235 0.0000000000
120797  14.189  -88.115  5.963 0.0000000000
120798  14.426  -88.367  5.220 0.0000000000
120799  14.369  -88.143  5.114 0.0000000000
120800  14.322  -88.130  4.281 0.0000000000
120801  14.128  -88.118  3.423 0.0000000000
120802  14.279  -87.397  4.013 0.0000000000
120803  13.990  -87.836  3.292 0.0000000000
120804  13.855  -88.127  2.638 0.0000000000
120805  13.275  -88.198  1.984 0.0000000000
120806  12.643  -88.262  1.368 0.0000000000
120807  12.034  -88.343  0.816 0.0000000000
120811  8.292  -85.986  -2.312 0.0000000000
120812  7.711  -86.608  -2.782 0.0000000000
120813  6.605  -85.792  -2.665 0.0000000000
120814  6.911  -86.495  -2.989 0.0000000000
120815  7.109  -87.217  -3.135 0.0000000000
120816  6.525  -87.780  -3.507 0.0000000000
120817  6.005  -88.269  -4.039 0.0000000000
120818  5.659  -88.694  -4.646 0.0000000000
120819  5.376  -89.136  -5.294 0.0000000000
120820  5.241  -88.325  -5.158 0.0000000000
120821  4.856  -87.932  -5.667 0.0000000000
120822  4.637  -87.553  -6.239 0.0000000000
120823  4.548  -86.468  -5.216 0.0000000000
120824  4.543  -86.797  -5.980 0.0000000000
120825  4.618  -87.183  -6.802 0.0000000000
120826  4.890  -86.825  -7.307 0.0000000000
120827  5.337  -86.481  -7.563 0.0000000000
120828  5.897  -86.205  -7.727 0.0000000000
125852  6.257  -84.963  11.780 0.0000000000
125855  5.704  -86.889  11.542 0.0000000000
125856  5.390  -87.411  11.085 0.0000000000
125857  5.209  -87.961  10.538 0.0000000000
125858  5.062  -88.590  9.989 0.0000000000
125859  5.075  -87.882  9.781 0.0000000000
125860  5.004  -87.892  9.078 0.0000000000
125861  5.145  -87.858  8.436 0.0000000000
125862  4.908  -86.584  8.926 0.0000000000
125863  5.143  -87.190  8.380 0.0000000000
125864  5.474  -87.844  7.891 0.0000000000
125865  5.949  -87.826  7.499 0.0000000000
125866  6.553  -87.855  7.310 0.0000000000
125867  7.224  -87.882  7.306 0.0000000000
125868  7.973  -87.909  7.371 0.0000000000
125869  7.471  -87.278  7.357 0.0000000000
125870  7.700  -86.680  7.468 0.0000000000
125871  7.995  -86.095  7.716 0.0000000000
125872  6.879  -85.308  7.929 0.0000000000
125873  7.580  -85.429  7.928 0.0000000000
125874  8.315  -85.570  8.025 0.0000000000
125875  8.687  -85.075  8.385 0.0000000000
125876  9.111  -84.543  8.774 0.0000000000
125877  9.536  -84.172  9.085 0.0000000000
137020  7.914  -92.743  -5.830 0.0000000000
143623  15.186  -89.877  4.698 0.0000000000
143624  15.395  -90.082  3.902 0.0000000000
143629  14.628  -88.546  4.451 0.0000000000
143630  14.806  -88.681  3.719 0.0000000000
143631  14.812  -88.971  2.954 0.0000000000
143632  14.204  -88.713  2.146 0.0000000000
143633  14.504  -88.972  2.158 0.0000000000
143634  14.774  -89.237  2.149 0.0000000000
143635  14.588  -89.595  1.305 0.0000000000
143641  11.939  -90.383  -1.383 0.0000000000
143642  11.471  -90.927  -2.126 0.0000000000
143645  9.440  -91.881  -3.991 0.0000000000
143646  8.752  -92.238  -4.571 0.0000000000
143647  15.120  -85.372  3.292 0.0000000000
143648  14.411  -85.797  2.588 0.0000000000
143649  13.705  -86.320  2.037 0.0000000000
143650  13.065  -85.894  1.006 0.0000000000
143651  12.999  -86.399  1.275 0.0000000000
143652  12.894  -86.935  1.535 0.0000000000
143653  12.245  -87.515  1.099 0.0000000000
143654  11.787  -88.048  0.720 0.0000000000
143655  11.414  -88.460  0.260 0.0000000000
143656  10.049  -86.069  -1.471 0.0000000000
143657  10.183  -86.641  -1.367 0.0000000000
143658  10.269  -87.201  -1.134 0.0000000000
143659  8.836  -87.836  -2.135 0.0000000000
143660  9.635  -87.797  -1.484 0.0000000000
143661  10.366  -87.731  -0.817 0.0000000000
143662  10.530  -88.205  -0.521 0.0000000000
143663  10.741  -88.578  -0.332 0.0000000000
143664  11.034  -88.830  -0.303 0.0000000000
143665  10.647  -89.271  -0.871 0.0000000000
143666  10.160  -89.780  -1.522 0.0000000000
143667  9.700  -90.313  -2.271 0.0000000000
143668  8.548  -90.276  -3.023 0.0000000000
143669  8.876  -90.592  -3.049 0.0000000000
143670  9.242  -90.849  -3.053 0.0000000000
143671  8.875  -91.366  -3.831 0.0000000000
143672  8.451  -91.910  -4.518 0.0000000000
143673  8.154  -92.406  -5.170 0.0000000000
143674  7.576  -92.515  -5.850 0.0000000000
143675  7.020  -92.529  -6.537 0.0000000000
143676  6.640  -92.353  -7.226 0.0000000000
143677  6.384  -91.776  -6.505 0.0000000000
143678  6.324  -91.970  -7.332 0.0000000000
143679  6.422  -92.010  -8.053 0.0000000000
143680  6.299  -91.635  -8.845 0.0000000000
143681  6.251  -91.247  -9.600 0.0000000000
143682  6.316  -90.675  -10.229 0.0000000000
143683  5.131  -89.422  -6.095 0.0000000000
143684  5.060  -89.783  -6.933 0.0000000000
143685  5.159  -90.133  -7.901 0.0000000000
143686  5.041  -89.085  -8.196 0.0000000000
143687  5.257  -89.758  -8.542 0.0000000000
143688  5.469  -90.366  -8.802 0.0000000000
143689  5.766  -90.440  -9.603 0.0000000000
143690  6.112  -90.302  -10.322 0.0000000000
143691  6.549  -90.078  -10.734 0.0000000000
143692  6.910  -89.472  -11.095 0.0000000000
143693  7.507  -88.778  -11.371 0.0000000000
143694  8.241  -88.075  -11.668 0.0000000000
143695  7.381  -87.859  -11.061 0.0000000000
143696  8.119  -87.628  -11.554 0.0000000000
156688  5.705  -92.974  11.969 0.0000000000
156689  6.057  -92.994  11.205 0.0000000000
156690  5.487  -91.892  10.981 0.0000000000
156691  5.845  -92.472  10.678 0.0000000000
156692  6.420  -92.961  10.479 0.0000000000
156693  6.844  -92.874  9.804 0.0000000000
156694  7.299  -92.910  9.286 0.0000000000
156695  7.823  -92.849  8.893 0.0000000000
156696  5.162  -89.278  9.430 0.0000000000
156697  5.371  -89.969  9.016 0.0000000000
156698  5.709  -90.672  8.725 0.0000000000
156699  5.936  -89.900  7.954 0.0000000000
156700  6.042  -90.604  8.246 0.0000000000
156701  6.187  -91.271  8.545 0.0000000000
156702  6.751  -91.850  8.470 0.0000000000
156703  7.561  -92.350  8.505 0.0000000000
156708  9.111  -91.387  8.125 0.0000000000
156709  10.101  -91.787  8.338 0.0000000000
156714  13.599  -90.727  6.919 0.0000000000
156715  13.527  -90.280  6.950 0.0000000000
156716  13.500  -89.862  6.978 0.0000000000
156717  11.849  -89.604  7.847 0.0000000000
156718  12.753  -89.548  7.471 0.0000000000
156719  13.589  -89.470  6.936 0.0000000000
156720  13.561  -89.080  6.913 0.0000000000
156721  13.590  -88.738  6.851 0.0000000000
156722  13.640  -88.402  6.789 0.0000000000
156723  8.823  -87.928  7.440 0.0000000000
156724  9.594  -87.831  7.707 0.0000000000
156725  10.457  -87.846  7.943 0.0000000000
156726  10.014  -86.810  7.991 0.0000000000
156727  10.665  -87.383  8.017 0.0000000000
156728  11.376  -87.885  8.061 0.0000000000
156729  12.252  -87.954  7.883 0.0000000000
156730  13.040  -88.030  7.370 0.0000000000
156731  13.707  -88.096  6.754 0.0000000000
156732  13.816  -87.786  6.698 0.0000000000
156733  13.991  -87.380  6.601 0.0000000000
156734  14.273  -86.834  6.621 0.0000000000
156735  13.306  -86.243  8.076 0.0000000000
156736  14.154  -86.351  7.432 0.0000000000
156737  14.625  -86.354  6.581 0.0000000000
156738  14.969  -85.925  6.506 0.0000000000
156739  15.319  -85.549  6.343 0.0000000000
156740  15.654  -85.190  6.110 0.0000000000
161954  4.503  -83.845  -5.341 0.0000000000
161955  4.816  -84.163  -5.888 0.0000000000
161957  5.234  -83.707  -6.148 0.0000000000
161958  5.244  -84.496  -6.458 0.0000000000
161959  5.668  -84.880  -6.857 0.0000000000
161960  6.161  -85.397  -7.274 0.0000000000
161961  6.665  -85.900  -7.710 0.0000000000
161967  7.816  -84.195  -6.210 0.0000000000
161968  7.714  -84.986  -6.905 0.0000000000
161969  7.575  -85.689  -7.635 0.0000000000
161970  7.302  -86.252  -8.378 0.0000000000
161971  7.966  -86.298  -9.140 0.0000000000
161972  8.569  -86.152  -9.865 0.0000000000
