#!ascii label  , from subject fsaverage vox2ras=TkReg coords=white
447
346  -12.577  -85.458  9.214 0.0000000000
573  -4.258  -84.880  12.147 0.0000000000
826  -12.585  -88.368  5.967 0.0000000000
827  -12.368  -85.898  1.619 0.0000000000
1777  -7.424  -84.025  0.665 0.0000000000
1778  -3.731  -83.969  -3.254 0.0000000000
2354  -7.639  -85.477  11.084 0.0000000000
3918  -13.853  -84.471  6.640 0.0000000000
3919  -9.777  -86.690  -1.336 0.0000000000
3920  -10.133  -84.926  0.238 0.0000000000
3921  -6.906  -86.141  -1.010 0.0000000000
3922  -4.818  -84.380  -0.887 0.0000000000
3923  -4.416  -86.605  -2.953 0.0000000000
5239  -5.694  -85.122  11.137 0.0000000000
5240  -7.202  -87.672  9.357 0.0000000000
5241  -4.689  -87.539  9.598 0.0000000000
6094  -12.268  -86.925  7.362 0.0000000000
6095  -13.405  -85.777  5.081 0.0000000000
6096  -13.287  -87.146  3.863 0.0000000000
7983  -12.944  -84.360  2.840 0.0000000000
7984  -10.566  -83.198  1.814 0.0000000000
7986  -5.094  -82.437  1.173 0.0000000000
7987  -3.835  -82.097  -0.940 0.0000000000
9618  -9.977  -85.396  10.687 0.0000000000
9619  -9.849  -87.372  8.727 0.0000000000
9620  -10.180  -89.118  7.326 0.0000000000
9642  -4.569  -85.735  14.328 0.0000000000
9645  -3.383  -88.208  11.092 0.0000000000
11598  -13.494  -85.051  7.867 0.0000000000
11600  -8.232  -86.539  -1.205 0.0000000000
11601  -6.593  -87.239  -1.798 0.0000000000
11602  -5.640  -86.541  -1.934 0.0000000000
12917  -4.587  -83.322  12.806 0.0000000000
12918  -5.147  -83.430  12.099 0.0000000000
12919  -4.843  -84.894  11.436 0.0000000000
12920  -5.184  -86.405  10.251 0.0000000000
12921  -4.252  -86.248  10.643 0.0000000000
13996  -12.395  -87.585  6.477 0.0000000000
13997  -12.981  -87.089  5.682 0.0000000000
13998  -13.147  -87.770  4.978 0.0000000000
17514  -13.174  -85.787  3.303 0.0000000000
17515  -13.315  -85.198  4.011 0.0000000000
17516  -12.651  -85.126  2.195 0.0000000000
17517  -8.693  -84.594  0.331 0.0000000000
17518  -10.389  -84.015  1.026 0.0000000000
17519  -8.940  -83.644  1.201 0.0000000000
17520  -9.171  -82.681  1.966 0.0000000000
17521  -7.664  -83.068  1.514 0.0000000000
17523  -6.283  -83.266  0.879 0.0000000000
17524  -4.019  -84.321  -1.920 0.0000000000
17525  -4.084  -83.338  -0.769 0.0000000000
17526  -3.823  -83.100  -2.106 0.0000000000
17527  -4.123  -81.868  -2.202 0.0000000000
17528  -4.244  -82.911  -3.368 0.0000000000
21475  -6.902  -83.867  11.718 0.0000000000
21477  -7.931  -84.044  11.714 0.0000000000
21478  -9.106  -84.080  11.684 0.0000000000
21479  -8.792  -85.484  10.970 0.0000000000
21480  -9.874  -86.435  9.779 0.0000000000
21481  -8.560  -86.579  10.083 0.0000000000
21483  -8.563  -88.644  8.174 0.0000000000
23374  -12.906  -89.075  5.354 0.0000000000
23375  -13.321  -88.428  4.310 0.0000000000
25485  -11.182  -86.197  -0.102 0.0000000000
25486  -11.353  -85.373  0.602 0.0000000000
25487  -9.957  -85.800  -0.649 0.0000000000
25488  -8.431  -85.541  -0.409 0.0000000000
25489  -7.227  -85.043  -0.157 0.0000000000
25490  -6.088  -84.249  -0.039 0.0000000000
25491  -5.942  -85.367  -1.050 0.0000000000
25492  -4.701  -85.481  -1.871 0.0000000000
25493  -3.862  -85.332  -3.057 0.0000000000
27862  -5.990  -83.609  11.811 0.0000000000
27863  -6.617  -85.386  11.049 0.0000000000
27864  -7.440  -86.609  10.269 0.0000000000
27865  -6.284  -86.520  10.184 0.0000000000
27866  -5.895  -87.701  9.399 0.0000000000
29578  -12.407  -86.213  8.240 0.0000000000
29579  -13.262  -85.777  7.087 0.0000000000
29580  -13.097  -86.333  6.240 0.0000000000
29581  -13.346  -86.492  4.525 0.0000000000
29582  -13.074  -86.537  2.728 0.0000000000
29583  -13.398  -87.768  3.188 0.0000000000
29584  -13.020  -87.281  1.979 0.0000000000
29585  -12.274  -86.729  0.872 0.0000000000
31433  -4.528  -81.939  14.097 0.0000000000
31434  -4.523  -83.439  13.726 0.0000000000
34281  -13.617  -85.207  5.827 0.0000000000
34282  -13.604  -84.525  4.685 0.0000000000
34283  -13.187  -83.769  3.563 0.0000000000
34284  -11.672  -84.495  1.365 0.0000000000
34285  -11.895  -83.728  2.024 0.0000000000
34293  -4.917  -83.349  0.194 0.0000000000
34294  -4.158  -82.345  0.278 0.0000000000
34296  -3.999  -80.782  -1.124 0.0000000000
39090  -11.319  -85.443  10.165 0.0000000000
39091  -11.165  -86.341  9.287 0.0000000000
39092  -11.154  -87.170  8.236 0.0000000000
39093  -11.265  -87.878  7.389 0.0000000000
39094  -8.482  -87.617  9.096 0.0000000000
39095  -9.891  -88.279  7.811 0.0000000000
39096  -11.523  -88.696  6.786 0.0000000000
39162  -4.320  -85.271  13.226 0.0000000000
39170  -3.848  -87.008  12.648 0.0000000000
39171  -3.702  -86.520  11.497 0.0000000000
39172  -3.823  -87.797  10.052 0.0000000000
40577  -3.690  -86.607  -4.620 0.0000000000
40578  -3.759  -85.197  -4.772 0.0000000000
40580  -4.914  -85.354  -5.980 0.0000000000
40581  -4.431  -84.017  -4.570 0.0000000000
42316  -12.640  -85.099  9.585 0.0000000000
42318  -13.084  -85.347  8.610 0.0000000000
43637  -4.442  -84.065  12.526 0.0000000000
43638  -4.702  -84.084  12.117 0.0000000000
43639  -4.503  -84.842  11.725 0.0000000000
43640  -4.581  -85.587  11.031 0.0000000000
43641  -4.224  -85.559  11.343 0.0000000000
44716  -12.426  -87.986  6.179 0.0000000000
44717  -12.816  -87.721  5.736 0.0000000000
44718  -12.914  -88.055  5.470 0.0000000000
48234  -12.823  -85.812  2.480 0.0000000000
48235  -12.921  -85.487  2.771 0.0000000000
48236  -12.489  -85.512  1.940 0.0000000000
48237  -8.019  -84.304  0.496 0.0000000000
48238  -8.780  -84.087  0.733 0.0000000000
48239  -8.136  -83.873  0.952 0.0000000000
48240  -8.298  -83.357  1.347 0.0000000000
48241  -7.537  -83.540  1.097 0.0000000000
48242  -6.948  -83.210  1.220 0.0000000000
48243  -6.895  -83.641  0.799 0.0000000000
48244  -3.792  -84.185  -2.558 0.0000000000
48245  -3.836  -83.731  -1.967 0.0000000000
48246  -3.791  -83.535  -2.654 0.0000000000
48247  -3.952  -82.979  -2.770 0.0000000000
48248  -3.972  -83.429  -3.319 0.0000000000
52195  -7.236  -84.741  11.470 0.0000000000
52196  -7.381  -83.970  11.692 0.0000000000
52197  -7.779  -84.796  11.433 0.0000000000
52198  -8.435  -84.845  11.488 0.0000000000
52199  -8.172  -85.481  11.045 0.0000000000
52200  -8.646  -86.070  10.523 0.0000000000
52201  -8.096  -86.090  10.638 0.0000000000
54316  -12.975  -89.426  5.102 0.0000000000
54317  -13.239  -89.108  4.534 0.0000000000
57833  -13.882  -84.161  5.967 0.0000000000
57834  -10.497  -86.380  -0.787 0.0000000000
57835  -10.578  -85.982  -0.464 0.0000000000
57836  -9.879  -86.201  -1.006 0.0000000000
57837  -7.553  -86.394  -1.060 0.0000000000
57838  -8.331  -86.044  -0.823 0.0000000000
57839  -7.626  -85.897  -0.669 0.0000000000
57840  -7.803  -85.309  -0.223 0.0000000000
57841  -7.090  -85.576  -0.592 0.0000000000
57842  -6.551  -85.223  -0.565 0.0000000000
57843  -6.414  -85.794  -1.003 0.0000000000
57844  -5.000  -86.589  -2.395 0.0000000000
57845  -5.189  -85.998  -1.905 0.0000000000
57846  -4.597  -86.019  -2.379 0.0000000000
57847  -4.172  -85.456  -2.319 0.0000000000
57848  -4.052  -86.016  -2.918 0.0000000000
61795  -5.465  -84.272  11.635 0.0000000000
61796  -5.558  -83.508  11.913 0.0000000000
61797  -5.888  -84.363  11.540 0.0000000000
61798  -6.306  -84.492  11.467 0.0000000000
61799  -6.158  -85.229  11.078 0.0000000000
61800  -6.475  -85.992  10.610 0.0000000000
61801  -5.959  -85.909  10.632 0.0000000000
61802  -4.902  -86.922  9.926 0.0000000000
61803  -5.489  -87.026  9.827 0.0000000000
61804  -5.277  -87.641  9.472 0.0000000000
61805  -5.743  -88.350  8.995 0.0000000000
61806  -5.142  -88.279  9.071 0.0000000000
65026  -12.314  -86.596  7.809 0.0000000000
65027  -12.806  -86.293  7.222 0.0000000000
65028  -12.689  -86.686  6.837 0.0000000000
65029  -13.241  -87.124  4.737 0.0000000000
65030  -13.257  -86.788  5.052 0.0000000000
65031  -13.314  -86.820  4.197 0.0000000000
65032  -13.282  -86.526  3.684 0.0000000000
65033  -13.248  -86.841  3.305 0.0000000000
65034  -13.491  -88.403  3.406 0.0000000000
65035  -13.457  -88.064  3.686 0.0000000000
65040  -12.658  -87.010  1.378 0.0000000000
65042  -11.710  -86.904  -0.023 0.0000000000
69005  -4.544  -82.673  13.955 0.0000000000
75579  -13.394  -85.758  6.034 0.0000000000
75580  -13.504  -85.469  6.471 0.0000000000
75581  -13.503  -85.485  5.456 0.0000000000
75582  -13.190  -84.789  3.384 0.0000000000
75583  -13.494  -84.841  4.252 0.0000000000
75584  -13.340  -84.454  3.726 0.0000000000
75585  -13.445  -84.150  4.123 0.0000000000
75586  -13.052  -84.033  3.189 0.0000000000
75587  -10.787  -85.143  0.333 0.0000000000
75588  -11.529  -84.918  0.991 0.0000000000
75589  -10.967  -84.642  0.733 0.0000000000
75590  -10.455  -83.607  1.430 0.0000000000
75591  -11.106  -83.829  1.484 0.0000000000
75592  -11.243  -83.439  1.843 0.0000000000
75593  -12.040  -83.403  2.384 0.0000000000
75604  -5.652  -82.436  1.492 0.0000000000
75609  -5.420  -84.318  -0.452 0.0000000000
75610  -5.524  -83.808  0.050 0.0000000000
75611  -4.835  -83.852  -0.327 0.0000000000
75612  -3.865  -82.712  -0.820 0.0000000000
75613  -4.092  -82.779  -0.254 0.0000000000
75614  -3.892  -82.220  -0.254 0.0000000000
75615  -3.925  -81.757  0.291 0.0000000000
75616  -3.843  -81.584  -0.370 0.0000000000
75617  -3.843  -80.936  -0.489 0.0000000000
75618  -3.871  -81.417  -1.063 0.0000000000
75619  -4.604  -81.876  -2.768 0.0000000000
75620  -4.459  -81.302  -2.188 0.0000000000
87475  -9.546  -84.759  11.221 0.0000000000
87476  -9.693  -84.165  11.589 0.0000000000
87477  -10.126  -84.805  11.063 0.0000000000
87478  -10.787  -84.872  10.853 0.0000000000
87479  -10.664  -85.407  10.467 0.0000000000
87480  -11.225  -85.894  9.731 0.0000000000
87481  -10.545  -85.891  10.058 0.0000000000
87482  -9.863  -86.926  9.289 0.0000000000
87483  -10.503  -86.852  9.077 0.0000000000
87484  -10.518  -87.287  8.579 0.0000000000
87485  -11.185  -87.511  7.786 0.0000000000
87486  -10.557  -87.686  8.113 0.0000000000
87487  -7.313  -87.140  9.833 0.0000000000
87488  -7.899  -87.172  9.763 0.0000000000
87489  -7.837  -87.635  9.323 0.0000000000
87490  -9.373  -88.900  7.692 0.0000000000
87491  -9.208  -88.475  7.952 0.0000000000
87492  -10.024  -88.701  7.498 0.0000000000
87493  -10.647  -88.482  7.350 0.0000000000
87494  -10.911  -88.904  7.130 0.0000000000
87495  -11.724  -89.080  6.573 0.0000000000
87496  -11.023  -89.297  6.984 0.0000000000
87658  -4.636  -84.612  14.009 0.0000000000
87659  -4.448  -85.511  13.754 0.0000000000
87680  -3.546  -87.621  11.903 0.0000000000
87681  -3.740  -86.793  12.055 0.0000000000
87682  -3.510  -87.409  11.280 0.0000000000
87683  -3.687  -87.152  10.711 0.0000000000
87684  -3.519  -87.988  10.513 0.0000000000
91200  -3.677  -85.912  -4.717 0.0000000000
91207  -5.361  -84.837  -5.644 0.0000000000
91208  -4.574  -84.630  -5.242 0.0000000000
91209  -5.101  -84.135  -5.029 0.0000000000
91210  -4.988  -83.519  -4.514 0.0000000000
94604  -13.695  -84.799  7.241 0.0000000000
94606  -8.968  -86.633  -1.300 0.0000000000
94607  -8.070  -87.065  -1.570 0.0000000000
94608  -7.375  -86.921  -1.430 0.0000000000
94609  -6.846  -86.686  -1.382 0.0000000000
94610  -6.263  -86.359  -1.407 0.0000000000
94611  -6.120  -86.926  -1.844 0.0000000000
94612  -5.456  -87.089  -2.424 0.0000000000
94613  -4.801  -87.158  -2.975 0.0000000000
96979  -4.631  -82.592  12.956 0.0000000000
96980  -4.866  -82.604  12.536 0.0000000000
96981  -4.822  -83.377  12.403 0.0000000000
96982  -5.029  -84.170  11.809 0.0000000000
96983  -5.279  -85.014  11.255 0.0000000000
96984  -5.451  -85.805  10.685 0.0000000000
96985  -4.987  -85.677  10.816 0.0000000000
96986  -4.696  -86.281  10.416 0.0000000000
96987  -4.432  -86.860  10.071 0.0000000000
98920  -12.300  -87.236  6.902 0.0000000000
98921  -12.659  -87.009  6.503 0.0000000000
98922  -12.723  -87.368  6.094 0.0000000000
98923  -13.055  -87.469  5.244 0.0000000000
98924  -13.264  -87.457  4.402 0.0000000000
105252  -13.344  -85.803  4.193 0.0000000000
105253  -13.388  -85.518  4.532 0.0000000000
105254  -13.204  -85.495  3.614 0.0000000000
105255  -13.038  -85.146  3.083 0.0000000000
105256  -12.796  -84.732  2.451 0.0000000000
105257  -9.392  -84.759  0.251 0.0000000000
105258  -10.212  -84.443  0.622 0.0000000000
105259  -9.546  -84.276  0.636 0.0000000000
105260  -9.666  -83.825  1.058 0.0000000000
105261  -9.733  -83.381  1.470 0.0000000000
105262  -9.846  -82.923  1.839 0.0000000000
105263  -9.097  -83.153  1.574 0.0000000000
105264  -8.422  -82.891  1.747 0.0000000000
105265  -7.761  -82.672  1.887 0.0000000000
105267  -7.009  -82.820  1.637 0.0000000000
105268  -6.302  -82.870  1.340 0.0000000000
105269  -5.655  -82.879  1.016 0.0000000000
105270  -4.365  -84.385  -1.350 0.0000000000
105271  -4.403  -83.869  -0.818 0.0000000000
105272  -4.067  -83.825  -1.365 0.0000000000
105273  -3.862  -83.240  -1.387 0.0000000000
105274  -3.820  -82.629  -1.546 0.0000000000
105275  -3.906  -81.994  -1.596 0.0000000000
105276  -3.942  -82.510  -2.190 0.0000000000
105277  -4.212  -82.408  -2.789 0.0000000000
105278  -4.681  -82.416  -3.324 0.0000000000
112383  -6.588  -83.019  11.889 0.0000000000
112385  -7.054  -83.063  11.843 0.0000000000
112386  -7.543  -83.155  11.864 0.0000000000
112387  -8.070  -83.247  11.918 0.0000000000
112389  -8.530  -84.104  11.777 0.0000000000
112390  -8.966  -84.800  11.373 0.0000000000
112391  -9.377  -85.436  10.871 0.0000000000
112392  -9.901  -85.928  10.249 0.0000000000
112393  -9.275  -86.017  10.398 0.0000000000
112394  -9.213  -86.519  9.938 0.0000000000
112395  -9.174  -87.003  9.417 0.0000000000
112396  -7.142  -88.241  8.855 0.0000000000
112397  -7.819  -88.173  8.752 0.0000000000
112398  -7.873  -88.747  8.327 0.0000000000
115978  -12.776  -88.737  5.644 0.0000000000
115979  -13.035  -88.431  5.173 0.0000000000
115980  -13.122  -88.763  4.854 0.0000000000
115981  -13.369  -88.766  4.013 0.0000000000
120903  -11.819  -86.076  0.710 0.0000000000
120904  -11.860  -85.623  1.038 0.0000000000
120905  -11.221  -85.812  0.230 0.0000000000
120906  -10.645  -85.596  -0.088 0.0000000000
120907  -10.039  -85.374  -0.247 0.0000000000
120908  -9.089  -86.160  -0.960 0.0000000000
120909  -9.174  -85.692  -0.573 0.0000000000
120910  -9.285  -85.219  -0.126 0.0000000000
120911  -8.576  -85.057  -0.018 0.0000000000
120912  -7.969  -84.856  0.154 0.0000000000
120913  -7.328  -84.510  0.240 0.0000000000
120914  -6.794  -84.149  0.356 0.0000000000
120915  -6.651  -84.672  -0.103 0.0000000000
120916  -6.042  -84.746  -0.559 0.0000000000
120917  -5.399  -84.857  -0.988 0.0000000000
120918  -5.792  -85.970  -1.456 0.0000000000
120919  -5.293  -85.473  -1.450 0.0000000000
120920  -4.779  -84.938  -1.395 0.0000000000
120921  -4.260  -84.896  -1.819 0.0000000000
120922  -3.924  -84.781  -2.440 0.0000000000
120923  -3.737  -84.651  -3.153 0.0000000000
126450  -5.233  -82.654  12.269 0.0000000000
126451  -5.633  -82.768  12.057 0.0000000000
126452  -6.105  -82.905  11.932 0.0000000000
126453  -6.439  -83.758  11.738 0.0000000000
126454  -6.714  -84.650  11.508 0.0000000000
126455  -7.120  -85.427  11.092 0.0000000000
126456  -7.561  -86.086  10.673 0.0000000000
126457  -7.011  -86.021  10.674 0.0000000000
126458  -6.881  -86.554  10.268 0.0000000000
126459  -6.708  -87.126  9.823 0.0000000000
126460  -5.723  -86.463  10.179 0.0000000000
126461  -6.083  -87.068  9.784 0.0000000000
126462  -6.538  -87.710  9.377 0.0000000000
126463  -6.439  -88.325  8.945 0.0000000000
130750  -12.478  -85.806  8.718 0.0000000000
130751  -12.992  -85.667  8.188 0.0000000000
130752  -12.891  -85.971  7.703 0.0000000000
130753  -13.183  -86.019  6.640 0.0000000000
130754  -13.330  -86.043  5.641 0.0000000000
130755  -13.003  -86.750  5.928 0.0000000000
130756  -13.288  -86.423  5.331 0.0000000000
130757  -13.374  -86.088  4.742 0.0000000000
130758  -13.327  -86.141  3.921 0.0000000000
130759  -13.121  -86.166  3.035 0.0000000000
130760  -12.766  -86.201  2.148 0.0000000000
130761  -13.250  -88.096  4.647 0.0000000000
130762  -13.336  -87.797  4.171 0.0000000000
130763  -13.321  -87.463  3.540 0.0000000000
130765  -13.243  -87.505  2.623 0.0000000000
130766  -13.206  -87.195  2.947 0.0000000000
130767  -13.045  -86.897  2.360 0.0000000000
130768  -12.727  -86.601  1.802 0.0000000000
130769  -12.332  -86.304  1.244 0.0000000000
130770  -11.795  -86.492  0.350 0.0000000000
130771  -11.123  -86.643  -0.451 0.0000000000
135789  -4.425  -81.878  13.537 0.0000000000
135790  -4.508  -82.628  13.504 0.0000000000
135791  -4.461  -83.324  13.266 0.0000000000
135792  -4.391  -84.197  12.955 0.0000000000
143895  -13.379  -85.447  7.497 0.0000000000
143896  -13.595  -85.167  6.838 0.0000000000
143897  -13.727  -84.885  6.226 0.0000000000
143898  -13.520  -85.225  4.837 0.0000000000
143899  -13.688  -84.887  5.165 0.0000000000
143900  -13.760  -84.545  5.709 0.0000000000
143901  -13.697  -84.182  5.053 0.0000000000
143902  -13.537  -83.831  4.442 0.0000000000
143903  -13.269  -83.465  3.954 0.0000000000
143904  -12.079  -85.173  1.358 0.0000000000
143905  -12.183  -84.781  1.699 0.0000000000
143906  -12.345  -84.422  2.063 0.0000000000
143907  -11.041  -84.184  1.107 0.0000000000
143908  -11.790  -84.100  1.701 0.0000000000
143909  -12.465  -84.031  2.376 0.0000000000
143910  -12.585  -83.722  2.729 0.0000000000
143911  -12.719  -83.417  3.125 0.0000000000
143931  -6.241  -83.736  0.413 0.0000000000
143932  -5.615  -83.317  0.525 0.0000000000
143933  -5.022  -82.883  0.668 0.0000000000
143934  -4.421  -83.379  -0.221 0.0000000000
143935  -4.481  -82.825  0.224 0.0000000000
143936  -4.592  -82.421  0.763 0.0000000000
143937  -4.185  -81.914  0.828 0.0000000000
143943  -4.038  -81.289  -1.724 0.0000000000
143944  -4.363  -80.730  -1.658 0.0000000000
158199  -12.059  -85.020  10.184 0.0000000000
158225  -11.406  -84.929  10.584 0.0000000000
158226  -11.947  -85.465  9.758 0.0000000000
158227  -11.870  -85.906  9.305 0.0000000000
158228  -11.830  -86.327  8.858 0.0000000000
158229  -11.741  -86.749  8.404 0.0000000000
158230  -10.518  -86.359  9.603 0.0000000000
158231  -11.141  -86.774  8.779 0.0000000000
158232  -11.754  -87.064  7.840 0.0000000000
158233  -11.789  -87.368  7.374 0.0000000000
158234  -11.851  -87.714  6.992 0.0000000000
158235  -11.942  -88.110  6.675 0.0000000000
158236  -8.009  -86.655  10.210 0.0000000000
158237  -8.504  -87.106  9.550 0.0000000000
158238  -9.157  -87.495  8.894 0.0000000000
158239  -8.490  -88.145  8.612 0.0000000000
158240  -9.163  -87.996  8.426 0.0000000000
158241  -9.857  -87.834  8.250 0.0000000000
158242  -10.601  -88.074  7.690 0.0000000000
158243  -11.334  -88.287  7.064 0.0000000000
158244  -12.079  -88.522  6.401 0.0000000000
158245  -12.321  -88.901  6.097 0.0000000000
158246  -12.414  -89.247  5.914 0.0000000000
158440  -4.753  -83.688  14.208 0.0000000000
158441  -4.499  -84.462  13.429 0.0000000000
158442  -4.235  -85.084  12.634 0.0000000000
158463  -4.360  -86.575  14.088 0.0000000000
158465  -3.989  -87.254  13.305 0.0000000000
158466  -4.242  -86.398  13.448 0.0000000000
158467  -4.086  -86.194  12.842 0.0000000000
158468  -3.993  -85.926  12.318 0.0000000000
158469  -3.999  -85.689  11.744 0.0000000000
158470  -3.902  -86.363  10.967 0.0000000000
158471  -3.989  -86.953  10.311 0.0000000000
158472  -4.194  -87.599  9.725 0.0000000000
158473  -3.742  -88.638  9.736 0.0000000000
158474  -4.122  -88.468  9.351 0.0000000000
158475  -4.590  -88.305  9.093 0.0000000000
162687  -3.903  -86.656  -3.749 0.0000000000
162688  -3.721  -85.975  -3.843 0.0000000000
162689  -3.684  -85.275  -3.929 0.0000000000
162690  -3.705  -84.580  -3.963 0.0000000000
162697  -4.197  -85.183  -5.447 0.0000000000
162698  -4.021  -84.551  -4.677 0.0000000000
162699  -3.957  -83.987  -3.954 0.0000000000
162700  -4.355  -83.472  -3.970 0.0000000000
162701  -4.802  -83.006  -3.926 0.0000000000
