#!ascii label  , from subject fsaverage vox2ras=TkReg coords=white
700
138  -15.127  -78.439  10.766 0.0000000000
347  -8.508  -80.000  3.056 0.0000000000
572  -4.769  -71.843  11.431 0.0000000000
1265  -4.214  -78.762  12.845 0.0000000000
1399  -3.828  -80.114  1.307 0.0000000000
1400  -4.979  -75.124  4.305 0.0000000000
1774  -13.486  -81.821  10.864 0.0000000000
1775  -14.385  -80.531  5.268 0.0000000000
1776  -13.341  -83.189  4.257 0.0000000000
2352  -10.425  -75.091  13.087 0.0000000000
2353  -8.596  -79.640  12.158 0.0000000000
2512  -11.850  -76.246  3.517 0.0000000000
3318  -16.429  -78.599  7.973 0.0000000000
3319  -4.642  -79.554  -0.955 0.0000000000
3320  -4.303  -77.125  0.590 0.0000000000
3916  -13.003  -83.732  10.404 0.0000000000
3917  -14.167  -83.093  7.713 0.0000000000
5234  -7.602  -73.255  12.164 0.0000000000
5235  -9.152  -77.461  12.442 0.0000000000
5236  -6.399  -75.881  11.924 0.0000000000
5237  -4.537  -81.793  12.973 0.0000000000
5238  -6.194  -82.152  12.005 0.0000000000
5634  -11.763  -80.100  3.688 0.0000000000
5635  -13.132  -78.479  4.011 0.0000000000
5636  -9.957  -77.967  3.648 0.0000000000
6885  -3.915  -75.219  12.080 0.0000000000
7125  -5.360  -80.411  2.693 0.0000000000
7126  -6.477  -77.938  3.740 0.0000000000
7127  -4.152  -77.681  3.046 0.0000000000
7128  -4.064  -74.656  2.168 0.0000000000
7978  -14.163  -80.109  10.833 0.0000000000
7979  -15.501  -80.162  8.242 0.0000000000
7980  -14.672  -81.502  8.113 0.0000000000
7981  -13.592  -81.921  4.877 0.0000000000
7982  -11.190  -81.677  3.035 0.0000000000
7985  -7.811  -82.235  2.127 0.0000000000
9612  -13.160  -76.905  12.606 0.0000000000
9613  -11.899  -78.890  12.553 0.0000000000
9614  -11.165  -80.938  12.335 0.0000000000
9615  -10.560  -83.126  12.025 0.0000000000
9616  -6.142  -78.914  12.020 0.0000000000
9617  -8.107  -82.423  11.993 0.0000000000
10090  -15.326  -79.155  5.333 0.0000000000
10091  -14.807  -77.087  3.975 0.0000000000
10093  -8.115  -75.641  3.924 0.0000000000
10996  -15.765  -77.639  10.360 0.0000000000
10997  -16.503  -77.756  9.127 0.0000000000
10998  -15.908  -78.609  9.419 0.0000000000
11596  -12.719  -84.664  9.887 0.0000000000
11597  -13.614  -84.298  8.553 0.0000000000
12914  -6.092  -72.513  11.544 0.0000000000
12915  -6.806  -74.561  12.103 0.0000000000
12916  -5.399  -73.911  11.753 0.0000000000
13314  -10.274  -79.911  3.271 0.0000000000
13315  -10.856  -79.013  3.537 0.0000000000
13316  -9.184  -78.923  3.456 0.0000000000
15714  -4.353  -80.348  2.199 0.0000000000
15715  -4.648  -79.094  2.916 0.0000000000
15716  -3.985  -78.945  2.122 0.0000000000
15717  -4.963  -75.941  0.303 0.0000000000
15718  -4.068  -75.934  1.444 0.0000000000
15719  -4.632  -74.651  0.938 0.0000000000
15720  -4.391  -73.352  1.549 0.0000000000
17506  -13.737  -80.890  10.837 0.0000000000
17507  -14.597  -80.971  9.584 0.0000000000
17508  -14.253  -81.766  9.530 0.0000000000
17509  -13.989  -83.270  5.864 0.0000000000
17510  -14.115  -82.565  6.132 0.0000000000
17511  -13.490  -82.584  4.670 0.0000000000
17512  -12.614  -81.817  3.791 0.0000000000
17513  -12.443  -82.514  3.416 0.0000000000
17520  -9.171  -82.681  1.966 0.0000000000
17522  -6.324  -82.407  1.759 0.0000000000
21464  -11.790  -76.010  13.065 0.0000000000
21465  -12.481  -77.913  12.760 0.0000000000
21466  -11.111  -77.140  13.041 0.0000000000
21467  -8.864  -78.578  12.166 0.0000000000
21468  -10.146  -79.267  12.381 0.0000000000
21469  -9.833  -80.305  12.310 0.0000000000
21470  -10.819  -82.039  12.252 0.0000000000
21471  -9.465  -81.427  12.167 0.0000000000
21472  -3.928  -77.011  12.389 0.0000000000
21473  -4.790  -77.046  11.870 0.0000000000
21474  -4.957  -78.787  12.181 0.0000000000
21476  -7.151  -82.238  11.930 0.0000000000
22659  -15.209  -80.541  6.717 0.0000000000
22660  -15.636  -79.873  6.702 0.0000000000
22661  -14.835  -79.847  5.361 0.0000000000
22662  -12.474  -77.346  3.787 0.0000000000
22663  -13.775  -77.754  4.008 0.0000000000
22664  -13.426  -76.641  3.668 0.0000000000
22667  -5.555  -76.631  4.183 0.0000000000
22668  -7.140  -76.757  4.088 0.0000000000
22669  -6.355  -75.392  4.404 0.0000000000
24403  -17.154  -77.720  7.598 0.0000000000
24404  -16.788  -78.291  6.502 0.0000000000
24405  -3.908  -79.747  0.003 0.0000000000
24406  -3.907  -78.613  0.912 0.0000000000
24407  -4.482  -78.335  -0.174 0.0000000000
25480  -13.240  -82.711  10.784 0.0000000000
25481  -14.010  -82.576  9.452 0.0000000000
25482  -13.792  -83.416  9.041 0.0000000000
25483  -14.028  -83.786  7.191 0.0000000000
25484  -13.824  -83.852  5.324 0.0000000000
27854  -9.038  -74.205  12.646 0.0000000000
27855  -9.631  -76.265  12.917 0.0000000000
27856  -8.264  -75.481  12.562 0.0000000000
27857  -7.817  -76.622  12.221 0.0000000000
27858  -7.565  -77.897  11.955 0.0000000000
27859  -4.475  -80.390  13.039 0.0000000000
27860  -5.200  -80.437  12.298 0.0000000000
27861  -5.231  -81.941  12.279 0.0000000000
28572  -13.174  -80.225  4.334 0.0000000000
28573  -13.681  -79.531  4.460 0.0000000000
28574  -12.393  -79.199  3.910 0.0000000000
28575  -11.671  -78.162  3.736 0.0000000000
28576  -10.928  -77.072  3.663 0.0000000000
31425  -4.234  -73.437  11.866 0.0000000000
31426  -3.424  -73.231  12.635 0.0000000000
31427  -3.265  -75.129  12.941 0.0000000000
31428  -3.479  -77.030  13.370 0.0000000000
31431  -3.876  -78.813  13.886 0.0000000000
31432  -4.341  -80.474  14.153 0.0000000000
31983  -6.853  -80.234  2.826 0.0000000000
31984  -7.418  -79.040  3.302 0.0000000000
31985  -5.840  -79.126  3.249 0.0000000000
31986  -5.118  -77.881  3.662 0.0000000000
31987  -4.451  -76.355  3.800 0.0000000000
31988  -3.823  -77.331  1.917 0.0000000000
31989  -3.892  -76.068  2.790 0.0000000000
31990  -4.190  -74.800  3.499 0.0000000000
31991  -4.057  -73.276  2.857 0.0000000000
34270  -14.636  -79.292  10.944 0.0000000000
34271  -15.399  -79.443  9.641 0.0000000000
34272  -15.015  -80.228  9.665 0.0000000000
34273  -15.104  -80.871  8.198 0.0000000000
34274  -14.751  -81.042  6.714 0.0000000000
34275  -14.320  -82.306  7.948 0.0000000000
34276  -14.329  -81.783  6.412 0.0000000000
34277  -14.001  -81.121  5.184 0.0000000000
34278  -12.821  -81.049  4.118 0.0000000000
34279  -11.465  -80.919  3.397 0.0000000000
34280  -9.844  -80.867  2.973 0.0000000000
34286  -12.227  -83.059  2.755 0.0000000000
34287  -10.868  -82.431  2.502 0.0000000000
34288  -9.487  -81.826  2.569 0.0000000000
34289  -8.125  -81.053  2.677 0.0000000000
34290  -6.511  -81.359  2.416 0.0000000000
34291  -5.193  -81.503  2.017 0.0000000000
34292  -4.209  -81.428  1.302 0.0000000000
34295  -3.813  -81.090  0.177 0.0000000000
34296  -3.999  -80.782  -1.124 0.0000000000
39045  -14.982  -76.884  11.374 0.0000000000
39072  -14.342  -77.859  11.826 0.0000000000
39073  -13.727  -78.741  11.978 0.0000000000
39074  -13.130  -79.614  11.887 0.0000000000
39075  -12.732  -80.507  11.821 0.0000000000
39076  -10.470  -78.215  12.609 0.0000000000
39077  -11.476  -79.948  12.377 0.0000000000
39078  -12.479  -81.477  11.857 0.0000000000
39079  -12.107  -82.472  11.789 0.0000000000
39080  -11.842  -83.545  11.452 0.0000000000
39081  -11.590  -84.464  10.919 0.0000000000
39082  -5.042  -75.386  11.725 0.0000000000
39083  -6.136  -77.359  11.854 0.0000000000
39084  -7.385  -79.209  12.055 0.0000000000
39085  -6.225  -80.508  12.012 0.0000000000
39086  -7.284  -80.678  11.998 0.0000000000
39087  -8.315  -80.988  11.937 0.0000000000
39088  -9.296  -82.742  12.113 0.0000000000
39089  -10.309  -84.245  11.398 0.0000000000
40504  -15.894  -79.408  8.224 0.0000000000
40505  -16.099  -79.088  6.616 0.0000000000
40506  -16.060  -78.429  5.440 0.0000000000
40507  -14.245  -78.831  4.463 0.0000000000
40508  -14.977  -78.171  4.545 0.0000000000
40513  -8.087  -77.924  3.727 0.0000000000
40514  -9.061  -76.884  3.726 0.0000000000
40515  -9.913  -75.946  3.537 0.0000000000
41716  -15.438  -78.070  10.567 0.0000000000
41717  -15.843  -78.152  9.914 0.0000000000
41718  -15.556  -78.563  10.068 0.0000000000
42316  -12.640  -85.099  9.585 0.0000000000
42317  -13.146  -84.985  8.954 0.0000000000
43634  -5.402  -72.161  11.411 0.0000000000
43635  -5.686  -73.196  11.696 0.0000000000
43636  -4.972  -72.881  11.636 0.0000000000
44034  -9.389  -79.907  3.151 0.0000000000
44035  -9.738  -79.388  3.350 0.0000000000
44036  -8.845  -79.427  3.261 0.0000000000
46434  -4.051  -80.243  1.777 0.0000000000
46435  -4.116  -79.650  2.170 0.0000000000
46436  -3.888  -79.513  1.642 0.0000000000
46438  -4.758  -75.292  0.588 0.0000000000
46439  -5.116  -74.714  0.431 0.0000000000
46440  -4.943  -74.058  0.762 0.0000000000
48226  -13.643  -81.347  10.863 0.0000000000
48227  -14.048  -81.360  10.228 0.0000000000
48228  -13.915  -81.773  10.243 0.0000000000
48229  -13.809  -83.269  5.000 0.0000000000
48230  -13.831  -82.965  5.226 0.0000000000
48231  -13.429  -82.904  4.503 0.0000000000
48232  -13.041  -82.537  4.036 0.0000000000
48233  -12.918  -82.837  3.819 0.0000000000
52184  -11.087  -75.544  13.142 0.0000000000
52185  -11.427  -76.574  13.110 0.0000000000
52186  -10.721  -76.142  13.185 0.0000000000
52187  -8.710  -79.116  12.174 0.0000000000
52188  -9.342  -79.451  12.247 0.0000000000
52189  -9.189  -79.974  12.217 0.0000000000
52190  -9.635  -80.857  12.222 0.0000000000
52191  -9.012  -80.530  12.131 0.0000000000
52192  -4.009  -77.845  12.553 0.0000000000
52193  -4.396  -77.902  12.220 0.0000000000
52194  -4.551  -78.757  12.436 0.0000000000
53379  -14.860  -80.566  5.955 0.0000000000
53380  -15.132  -80.286  5.944 0.0000000000
53381  -14.620  -80.207  5.365 0.0000000000
53382  -12.205  -76.778  3.666 0.0000000000
53383  -12.907  -76.998  3.740 0.0000000000
53384  -12.688  -76.425  3.566 0.0000000000
53387  -5.208  -75.863  4.337 0.0000000000
53388  -5.906  -76.010  4.378 0.0000000000
53389  -5.614  -75.287  4.453 0.0000000000
56029  -16.492  -78.200  8.592 0.0000000000
56030  -16.838  -77.769  8.362 0.0000000000
56031  -16.752  -78.153  7.831 0.0000000000
56032  -17.037  -78.062  7.053 0.0000000000
56033  -16.623  -78.502  7.234 0.0000000000
56034  -4.209  -79.628  -0.553 0.0000000000
56035  -4.169  -79.034  -0.098 0.0000000000
56036  -4.572  -78.945  -0.554 0.0000000000
57826  -13.119  -83.238  10.579 0.0000000000
57827  -13.598  -83.115  9.981 0.0000000000
57828  -13.529  -83.630  9.742 0.0000000000
57829  -13.775  -84.414  7.573 0.0000000000
57830  -13.845  -84.016  7.846 0.0000000000
57831  -13.920  -84.104  6.856 0.0000000000
57832  -13.991  -83.838  6.226 0.0000000000
57833  -13.882  -84.161  5.967 0.0000000000
61784  -8.342  -73.705  12.435 0.0000000000
61785  -8.605  -74.805  12.706 0.0000000000
61786  -7.911  -74.343  12.441 0.0000000000
61787  -6.559  -75.210  12.014 0.0000000000
61788  -7.248  -75.591  12.192 0.0000000000
61789  -7.130  -76.240  12.078 0.0000000000
61790  -7.708  -77.252  12.079 0.0000000000
61791  -7.017  -76.910  11.952 0.0000000000
61792  -4.511  -81.107  13.058 0.0000000000
61793  -4.826  -81.147  12.633 0.0000000000
61794  -4.851  -81.850  12.605 0.0000000000
62979  -12.477  -80.152  3.938 0.0000000000
62980  -12.815  -79.701  4.109 0.0000000000
62981  -12.039  -79.647  3.804 0.0000000000
62982  -10.362  -78.503  3.598 0.0000000000
62983  -11.209  -78.598  3.627 0.0000000000
62984  -10.830  -78.045  3.652 0.0000000000
62985  -11.329  -77.604  3.659 0.0000000000
62986  -10.458  -77.510  3.666 0.0000000000
68985  -3.666  -72.284  12.373 0.0000000000
68990  -3.329  -76.114  13.136 0.0000000000
68998  -3.685  -77.984  14.163 0.0000000000
68999  -3.962  -78.846  14.491 0.0000000000
69000  -4.123  -79.660  14.068 0.0000000000
69001  -4.280  -79.705  14.689 0.0000000000
70179  -6.046  -80.342  2.786 0.0000000000
70180  -6.344  -79.702  3.043 0.0000000000
70181  -5.590  -79.783  2.963 0.0000000000
70182  -4.403  -78.358  3.003 0.0000000000
70183  -4.879  -78.478  3.296 0.0000000000
70184  -4.558  -77.798  3.432 0.0000000000
70185  -4.753  -77.133  3.862 0.0000000000
70186  -4.275  -77.033  3.447 0.0000000000
70187  -4.031  -77.827  0.786 0.0000000000
70188  -3.874  -77.985  1.405 0.0000000000
70189  -3.932  -77.160  1.235 0.0000000000
70190  -4.078  -75.277  1.821 0.0000000000
70191  -3.875  -75.952  2.100 0.0000000000
70192  -3.983  -75.344  2.517 0.0000000000
70193  -4.015  -75.429  3.228 0.0000000000
70194  -4.050  -74.717  2.867 0.0000000000
70195  -4.140  -74.046  3.177 0.0000000000
70196  -4.030  -73.990  2.579 0.0000000000
75556  -14.401  -79.709  10.897 0.0000000000
75557  -14.852  -79.800  10.360 0.0000000000
75558  -14.622  -80.186  10.270 0.0000000000
75559  -14.684  -81.284  8.891 0.0000000000
75560  -14.914  -80.949  8.875 0.0000000000
75561  -14.905  -81.162  8.151 0.0000000000
75562  -15.024  -80.998  7.482 0.0000000000
75563  -14.797  -81.282  7.405 0.0000000000
75564  -14.139  -82.902  8.617 0.0000000000
75565  -14.222  -82.485  8.717 0.0000000000
75566  -14.217  -82.717  7.845 0.0000000000
75567  -13.895  -82.247  5.471 0.0000000000
75568  -14.208  -82.178  6.263 0.0000000000
75569  -13.998  -81.864  5.617 0.0000000000
75570  -14.183  -81.433  5.766 0.0000000000
75571  -13.789  -81.467  5.049 0.0000000000
75572  -13.442  -81.120  4.551 0.0000000000
75573  -13.300  -81.506  4.428 0.0000000000
75574  -11.948  -81.732  3.405 0.0000000000
75575  -12.069  -81.371  3.553 0.0000000000
75576  -11.347  -81.277  3.253 0.0000000000
75577  -10.677  -80.868  3.171 0.0000000000
75578  -10.539  -81.288  2.992 0.0000000000
75594  -11.440  -83.100  2.236 0.0000000000
75595  -11.572  -82.738  2.601 0.0000000000
75596  -10.726  -82.805  2.179 0.0000000000
75597  -8.512  -82.443  2.086 0.0000000000
75598  -9.322  -82.240  2.302 0.0000000000
75599  -8.640  -81.979  2.360 0.0000000000
75600  -8.808  -81.476  2.606 0.0000000000
75601  -7.943  -81.633  2.376 0.0000000000
75602  -7.277  -81.216  2.533 0.0000000000
75603  -7.194  -81.773  2.261 0.0000000000
75605  -5.705  -81.962  1.924 0.0000000000
75606  -5.104  -81.975  1.607 0.0000000000
75607  -4.651  -81.479  1.682 0.0000000000
75608  -4.603  -81.973  1.251 0.0000000000
75615  -3.925  -81.757  0.291 0.0000000000
75617  -3.843  -80.936  -0.489 0.0000000000
87432  -13.560  -76.432  12.421 0.0000000000
87433  -14.156  -76.939  12.042 0.0000000000
87434  -13.773  -77.381  12.245 0.0000000000
87435  -14.003  -78.315  11.961 0.0000000000
87436  -13.435  -77.844  12.360 0.0000000000
87437  -12.152  -78.406  12.716 0.0000000000
87438  -12.808  -78.800  12.381 0.0000000000
87439  -12.534  -79.251  12.272 0.0000000000
87440  -12.859  -80.027  11.831 0.0000000000
87441  -12.305  -79.746  12.198 0.0000000000
87442  -9.350  -76.939  12.639 0.0000000000
87443  -10.064  -77.309  12.798 0.0000000000
87444  -9.822  -77.907  12.514 0.0000000000
87445  -10.661  -80.117  12.414 0.0000000000
87446  -10.820  -79.616  12.458 0.0000000000
87447  -11.338  -80.438  12.363 0.0000000000
87448  -12.040  -80.742  12.191 0.0000000000
87449  -11.827  -81.227  12.162 0.0000000000
87450  -12.283  -81.944  11.860 0.0000000000
87451  -11.630  -81.699  12.171 0.0000000000
87452  -10.682  -82.581  12.176 0.0000000000
87453  -11.331  -82.827  11.961 0.0000000000
87454  -11.212  -83.338  11.800 0.0000000000
87455  -11.736  -84.006  11.205 0.0000000000
87456  -11.104  -83.836  11.536 0.0000000000
87457  -4.074  -74.263  11.945 0.0000000000
87458  -4.565  -74.417  11.736 0.0000000000
87459  -4.412  -75.275  11.794 0.0000000000
87460  -5.421  -77.994  11.935 0.0000000000
87461  -5.435  -77.160  11.825 0.0000000000
87462  -6.101  -78.126  11.935 0.0000000000
87463  -6.772  -78.278  11.996 0.0000000000
87464  -6.762  -79.043  12.019 0.0000000000
87465  -5.693  -81.266  12.077 0.0000000000
87466  -5.704  -80.489  12.094 0.0000000000
87467  -6.232  -81.344  12.030 0.0000000000
87468  -7.620  -82.315  11.942 0.0000000000
87469  -7.202  -81.386  11.968 0.0000000000
87470  -7.698  -81.536  11.960 0.0000000000
87471  -7.801  -80.820  11.975 0.0000000000
87472  -8.211  -81.682  11.928 0.0000000000
87473  -8.776  -81.855  12.046 0.0000000000
87474  -8.698  -82.591  12.066 0.0000000000
87476  -9.693  -84.165  11.589 0.0000000000
91014  -15.473  -79.827  8.981 0.0000000000
91015  -15.706  -79.447  8.950 0.0000000000
91016  -15.715  -79.808  8.282 0.0000000000
91017  -15.557  -79.574  5.948 0.0000000000
91018  -15.865  -79.498  6.663 0.0000000000
91019  -15.767  -79.192  5.929 0.0000000000
91020  -16.035  -78.748  5.995 0.0000000000
91021  -15.648  -78.774  5.387 0.0000000000
91022  -13.397  -78.997  4.185 0.0000000000
91023  -13.952  -79.192  4.444 0.0000000000
91024  -13.701  -78.655  4.206 0.0000000000
91025  -14.213  -77.405  4.041 0.0000000000
91026  -14.333  -77.954  4.240 0.0000000000
91027  -14.861  -77.646  4.237 0.0000000000
91028  -15.477  -77.832  4.563 0.0000000000
91037  -6.950  -78.502  3.492 0.0000000000
91038  -7.777  -78.497  3.506 0.0000000000
91039  -7.234  -77.930  3.756 0.0000000000
91040  -7.638  -76.187  4.045 0.0000000000
91041  -8.099  -76.794  3.900 0.0000000000
91042  -8.578  -76.319  3.810 0.0000000000
91043  -9.523  -76.457  3.694 0.0000000000
91044  -9.034  -75.791  3.692 0.0000000000
93522  -16.152  -77.705  9.760 0.0000000000
93523  -16.182  -78.203  9.294 0.0000000000
93524  -16.213  -78.670  8.700 0.0000000000
94600  -12.841  -84.192  10.156 0.0000000000
94601  -13.395  -84.084  9.542 0.0000000000
94602  -13.223  -84.526  9.269 0.0000000000
94603  -13.534  -84.716  8.251 0.0000000000
96974  -6.829  -72.900  11.818 0.0000000000
96975  -7.153  -73.923  12.165 0.0000000000
96976  -6.404  -73.569  11.894 0.0000000000
96977  -6.088  -74.216  11.893 0.0000000000
96978  -5.869  -74.903  11.834 0.0000000000
97692  -11.039  -79.984  3.466 0.0000000000
97693  -11.285  -79.557  3.582 0.0000000000
97694  -10.528  -79.393  3.418 0.0000000000
97695  -10.022  -78.927  3.502 0.0000000000
97696  -9.510  -78.437  3.592 0.0000000000
102012  -4.776  -80.413  2.495 0.0000000000
102013  -4.909  -79.836  2.829 0.0000000000
102014  -4.452  -79.745  2.576 0.0000000000
102015  -4.256  -79.007  2.576 0.0000000000
102016  -4.022  -78.283  2.619 0.0000000000
102017  -4.572  -76.555  0.440 0.0000000000
102018  -4.125  -76.562  1.019 0.0000000000
102019  -4.447  -75.960  0.826 0.0000000000
102020  -4.293  -75.262  1.167 0.0000000000
102021  -4.235  -74.572  1.525 0.0000000000
102022  -4.174  -73.941  1.896 0.0000000000
102023  -4.498  -73.980  1.290 0.0000000000
102024  -4.791  -73.397  1.018 0.0000000000
105238  -13.940  -80.501  10.809 0.0000000000
105239  -14.404  -80.560  10.220 0.0000000000
105240  -14.205  -80.947  10.213 0.0000000000
105241  -14.419  -81.368  9.562 0.0000000000
105242  -14.505  -81.689  8.793 0.0000000000
105243  -14.125  -83.202  6.779 0.0000000000
105244  -14.170  -82.851  6.930 0.0000000000
105245  -14.076  -82.926  6.055 0.0000000000
105246  -13.855  -82.611  5.365 0.0000000000
105247  -13.533  -82.240  4.780 0.0000000000
105248  -13.172  -81.875  4.228 0.0000000000
105249  -13.091  -82.197  4.173 0.0000000000
105250  -12.523  -82.166  3.665 0.0000000000
105251  -11.824  -82.099  3.188 0.0000000000
105262  -9.846  -82.923  1.839 0.0000000000
105264  -8.422  -82.891  1.747 0.0000000000
105265  -7.761  -82.672  1.887 0.0000000000
105266  -7.033  -82.344  1.972 0.0000000000
112364  -12.504  -76.483  12.909 0.0000000000
112365  -12.816  -77.405  12.721 0.0000000000
112366  -12.113  -76.985  13.008 0.0000000000
112367  -11.799  -77.539  12.953 0.0000000000
112368  -11.508  -78.048  12.826 0.0000000000
112369  -8.999  -78.010  12.277 0.0000000000
112370  -9.631  -78.380  12.374 0.0000000000
112371  -9.487  -78.926  12.257 0.0000000000
112372  -9.979  -79.786  12.325 0.0000000000
112373  -10.514  -80.654  12.391 0.0000000000
112374  -10.992  -81.452  12.335 0.0000000000
112375  -10.332  -81.221  12.343 0.0000000000
112376  -10.145  -81.778  12.302 0.0000000000
112377  -9.981  -82.288  12.295 0.0000000000
112378  -3.885  -76.143  12.231 0.0000000000
112379  -4.288  -76.171  11.906 0.0000000000
112380  -4.326  -77.085  12.059 0.0000000000
112381  -4.822  -77.914  11.997 0.0000000000
112382  -5.558  -78.849  12.074 0.0000000000
112384  -6.732  -82.246  12.008 0.0000000000
112387  -8.070  -83.247  11.918 0.0000000000
112388  -8.623  -83.353  11.985 0.0000000000
114513  -15.423  -80.419  7.488 0.0000000000
114514  -15.605  -80.061  7.498 0.0000000000
114515  -15.421  -80.223  6.712 0.0000000000
114516  -15.355  -79.960  5.927 0.0000000000
114517  -15.099  -79.526  5.330 0.0000000000
114518  -12.836  -77.891  3.907 0.0000000000
114519  -13.428  -78.110  4.056 0.0000000000
114520  -13.129  -77.552  3.899 0.0000000000
114521  -13.580  -77.202  3.863 0.0000000000
114522  -14.116  -76.858  3.811 0.0000000000
114527  -6.032  -77.343  3.990 0.0000000000
114528  -6.763  -77.352  3.980 0.0000000000
114529  -6.308  -76.705  4.187 0.0000000000
114530  -6.728  -76.092  4.251 0.0000000000
114531  -7.217  -75.501  4.183 0.0000000000
118380  -17.483  -77.620  6.870 0.0000000000
118381  -17.199  -77.867  6.354 0.0000000000
118382  -16.868  -78.021  5.853 0.0000000000
118383  -3.727  -79.940  0.698 0.0000000000
118384  -3.771  -79.359  1.097 0.0000000000
118385  -3.909  -79.185  0.466 0.0000000000
118386  -4.139  -78.457  0.306 0.0000000000
118387  -4.396  -77.750  0.208 0.0000000000
118389  -4.914  -77.718  -0.250 0.0000000000
118390  -4.786  -77.121  0.089 0.0000000000
120892  -13.356  -82.262  10.842 0.0000000000
120893  -13.786  -82.203  10.188 0.0000000000
120894  -13.679  -82.630  10.144 0.0000000000
120895  -13.877  -82.981  9.306 0.0000000000
120896  -14.020  -83.268  8.386 0.0000000000
120897  -13.705  -83.852  8.806 0.0000000000
120898  -13.927  -83.630  8.115 0.0000000000
120899  -14.134  -83.443  7.510 0.0000000000
120900  -14.068  -83.530  6.521 0.0000000000
120901  -13.944  -83.566  5.585 0.0000000000
120902  -13.718  -83.565  4.731 0.0000000000
126434  -9.728  -74.650  12.911 0.0000000000
126435  -10.019  -75.688  13.089 0.0000000000
126436  -9.305  -75.242  12.878 0.0000000000
126437  -8.947  -75.882  12.730 0.0000000000
126438  -8.670  -76.498  12.535 0.0000000000
126439  -7.544  -75.000  12.331 0.0000000000
126440  -7.979  -76.030  12.381 0.0000000000
126441  -8.501  -77.021  12.348 0.0000000000
126442  -8.399  -77.645  12.175 0.0000000000
126443  -8.230  -78.229  12.082 0.0000000000
126444  -8.110  -78.820  12.078 0.0000000000
126445  -4.376  -79.606  12.978 0.0000000000
126446  -4.719  -79.616  12.598 0.0000000000
126447  -4.810  -80.430  12.615 0.0000000000
126448  -5.224  -81.199  12.278 0.0000000000
126449  -5.707  -82.058  12.074 0.0000000000
128106  -13.810  -80.377  4.771 0.0000000000
128107  -14.058  -80.085  4.883 0.0000000000
128108  -13.452  -79.904  4.471 0.0000000000
128109  -13.092  -79.333  4.182 0.0000000000
128110  -12.766  -78.829  3.974 0.0000000000
128111  -11.618  -79.111  3.677 0.0000000000
128112  -12.055  -78.691  3.770 0.0000000000
128113  -12.454  -78.321  3.903 0.0000000000
128114  -12.128  -77.731  3.749 0.0000000000
128115  -11.768  -77.169  3.676 0.0000000000
128116  -11.358  -76.629  3.613 0.0000000000
128117  -4.758  -74.312  4.178 0.0000000000
128118  -5.289  -74.467  4.399 0.0000000000
135765  -4.447  -72.611  11.690 0.0000000000
135766  -4.024  -72.411  11.968 0.0000000000
135767  -3.814  -73.297  12.164 0.0000000000
135768  -3.642  -74.219  12.321 0.0000000000
135770  -3.298  -74.140  12.779 0.0000000000
135771  -3.524  -75.174  12.469 0.0000000000
135772  -3.522  -76.090  12.631 0.0000000000
135773  -3.597  -76.952  12.803 0.0000000000
135774  -3.725  -77.849  13.047 0.0000000000
135782  -3.649  -77.946  13.625 0.0000000000
135783  -3.915  -78.767  13.328 0.0000000000
135784  -4.150  -79.622  13.498 0.0000000000
135785  -4.286  -80.418  13.543 0.0000000000
135786  -4.358  -81.150  13.551 0.0000000000
137277  -7.661  -80.119  2.955 0.0000000000
137278  -7.942  -79.518  3.171 0.0000000000
137279  -7.148  -79.626  3.087 0.0000000000
137280  -6.588  -79.071  3.288 0.0000000000
137281  -6.147  -78.492  3.536 0.0000000000
137282  -5.159  -79.216  3.154 0.0000000000
137283  -5.452  -78.548  3.481 0.0000000000
137284  -5.770  -77.940  3.759 0.0000000000
137285  -5.376  -77.267  3.965 0.0000000000
137286  -4.894  -76.467  4.112 0.0000000000
137287  -4.661  -75.720  4.083 0.0000000000
137288  -3.840  -78.787  1.537 0.0000000000
137289  -3.865  -78.139  2.029 0.0000000000
137290  -3.904  -77.496  2.533 0.0000000000
137291  -3.831  -76.573  1.691 0.0000000000
137292  -3.822  -76.700  2.360 0.0000000000
137293  -3.980  -76.875  2.936 0.0000000000
137294  -4.105  -76.216  3.353 0.0000000000
137295  -4.261  -75.588  3.707 0.0000000000
137296  -4.470  -74.953  3.990 0.0000000000
137297  -4.390  -74.156  3.728 0.0000000000
137300  -4.121  -73.310  2.167 0.0000000000
143866  -14.866  -78.881  10.882 0.0000000000
143867  -15.278  -78.996  10.230 0.0000000000
143868  -15.052  -79.409  10.355 0.0000000000
143869  -15.188  -79.827  9.697 0.0000000000
143870  -15.274  -80.209  8.972 0.0000000000
143871  -14.810  -80.611  9.628 0.0000000000
143872  -15.088  -80.598  8.941 0.0000000000
143873  -15.286  -80.546  8.241 0.0000000000
143874  -15.223  -80.767  7.519 0.0000000000
143875  -14.957  -80.821  6.717 0.0000000000
143876  -14.603  -80.822  5.936 0.0000000000
143877  -14.098  -82.151  9.515 0.0000000000
143878  -14.329  -82.076  8.746 0.0000000000
143879  -14.454  -81.919  8.039 0.0000000000
143880  -14.247  -82.471  7.046 0.0000000000
143881  -14.357  -82.080  7.211 0.0000000000
143882  -14.559  -81.663  7.304 0.0000000000
143883  -14.517  -81.391  6.569 0.0000000000
143884  -14.411  -81.096  5.942 0.0000000000
143885  -14.192  -80.819  5.213 0.0000000000
143886  -13.613  -80.734  4.654 0.0000000000
143887  -12.945  -80.661  4.173 0.0000000000
143888  -12.248  -80.575  3.824 0.0000000000
143889  -12.717  -81.444  3.950 0.0000000000
143890  -12.168  -80.969  3.746 0.0000000000
143891  -11.571  -80.484  3.566 0.0000000000
143892  -10.842  -80.426  3.324 0.0000000000
143893  -10.033  -80.389  3.133 0.0000000000
143894  -9.144  -80.374  2.967 0.0000000000
143902  -13.537  -83.831  4.442 0.0000000000
143903  -13.269  -83.465  3.954 0.0000000000
143912  -12.823  -83.109  3.509 0.0000000000
143913  -12.349  -82.749  3.153 0.0000000000
143914  -11.689  -82.427  2.909 0.0000000000
143915  -11.025  -82.069  2.786 0.0000000000
143916  -10.001  -82.528  2.192 0.0000000000
143917  -10.175  -82.134  2.507 0.0000000000
143918  -10.341  -81.719  2.774 0.0000000000
143919  -9.670  -81.357  2.788 0.0000000000
143920  -8.971  -80.927  2.811 0.0000000000
143921  -8.246  -80.537  2.867 0.0000000000
143922  -7.417  -80.678  2.740 0.0000000000
143923  -6.608  -80.811  2.630 0.0000000000
143924  -5.860  -80.928  2.585 0.0000000000
143925  -6.434  -81.888  2.117 0.0000000000
143926  -5.806  -81.472  2.288 0.0000000000
143927  -5.212  -80.944  2.382 0.0000000000
143928  -4.701  -80.933  2.092 0.0000000000
143929  -4.281  -80.887  1.756 0.0000000000
143930  -3.990  -80.796  1.309 0.0000000000
143937  -4.185  -81.914  0.828 0.0000000000
143938  -3.926  -81.270  0.805 0.0000000000
143939  -3.804  -80.651  0.774 0.0000000000
143940  -3.756  -80.455  0.140 0.0000000000
143941  -3.957  -80.289  -0.536 0.0000000000
143942  -4.270  -80.179  -1.061 0.0000000000
158090  -15.389  -77.267  10.896 0.0000000000
158091  -15.051  -77.705  11.124 0.0000000000
158171  -14.634  -77.373  11.618 0.0000000000
158172  -14.750  -78.173  11.303 0.0000000000
158173  -14.473  -78.622  11.426 0.0000000000
158174  -14.209  -79.057  11.493 0.0000000000
158175  -13.960  -79.502  11.438 0.0000000000
158176  -13.152  -78.323  12.405 0.0000000000
158177  -13.436  -79.172  11.943 0.0000000000
158178  -13.692  -79.936  11.390 0.0000000000
158179  -13.428  -80.335  11.383 0.0000000000
158180  -13.254  -80.739  11.381 0.0000000000
158181  -13.158  -81.185  11.374 0.0000000000
158182  -10.355  -76.693  13.072 0.0000000000
158183  -10.794  -77.663  12.888 0.0000000000
158184  -11.195  -78.557  12.635 0.0000000000
158185  -10.297  -78.740  12.470 0.0000000000
158186  -10.927  -79.090  12.473 0.0000000000
158187  -11.606  -79.435  12.390 0.0000000000
158188  -12.151  -80.276  12.194 0.0000000000
158189  -12.634  -81.003  11.830 0.0000000000
158190  -13.029  -81.692  11.392 0.0000000000
158191  -12.867  -82.109  11.414 0.0000000000
158192  -12.712  -82.625  11.308 0.0000000000
158193  -12.572  -83.162  11.160 0.0000000000
158194  -11.467  -82.258  12.097 0.0000000000
158195  -11.969  -83.065  11.636 0.0000000000
158196  -12.444  -83.674  10.977 0.0000000000
158197  -12.296  -84.139  10.750 0.0000000000
158198  -12.157  -84.604  10.524 0.0000000000
158200  -4.739  -73.637  11.715 0.0000000000
158201  -5.195  -74.634  11.743 0.0000000000
158202  -5.711  -75.614  11.790 0.0000000000
158203  -4.863  -76.178  11.785 0.0000000000
158204  -5.559  -76.360  11.783 0.0000000000
158205  -6.270  -76.550  11.850 0.0000000000
158206  -6.884  -77.590  11.921 0.0000000000
158207  -7.456  -78.519  12.037 0.0000000000
158208  -8.013  -79.417  12.095 0.0000000000
158209  -5.120  -79.624  12.328 0.0000000000
158210  -5.661  -79.680  12.117 0.0000000000
158211  -6.226  -79.723  12.061 0.0000000000
158212  -6.736  -81.355  12.012 0.0000000000
158213  -6.749  -80.526  12.005 0.0000000000
158214  -6.773  -79.771  12.014 0.0000000000
158215  -7.334  -79.937  12.035 0.0000000000
158216  -7.883  -80.085  12.037 0.0000000000
158217  -8.447  -80.297  12.039 0.0000000000
158218  -8.840  -81.157  12.024 0.0000000000
158219  -9.357  -82.052  12.148 0.0000000000
158220  -9.914  -82.922  12.168 0.0000000000
158221  -9.207  -83.474  11.990 0.0000000000
158222  -9.808  -83.582  11.931 0.0000000000
158223  -10.436  -83.690  11.761 0.0000000000
158224  -10.927  -84.337  11.207 0.0000000000
162466  -15.641  -79.027  9.545 0.0000000000
162467  -15.935  -79.026  8.903 0.0000000000
162468  -16.155  -79.027  8.075 0.0000000000
162469  -15.807  -79.687  7.465 0.0000000000
162470  -16.035  -79.304  7.383 0.0000000000
162471  -16.303  -78.911  7.318 0.0000000000
162472  -16.385  -78.665  6.612 0.0000000000
162473  -16.460  -78.411  5.967 0.0000000000
162474  -16.474  -78.066  5.383 0.0000000000
162475  -14.265  -79.686  4.884 0.0000000000
162476  -14.556  -79.394  4.823 0.0000000000
162477  -14.797  -79.008  4.825 0.0000000000
162478  -13.991  -78.296  4.237 0.0000000000
162479  -14.561  -78.484  4.505 0.0000000000
162480  -15.191  -78.695  4.865 0.0000000000
162481  -15.594  -78.346  4.941 0.0000000000
162482  -16.022  -77.977  4.958 0.0000000000
162493  -8.292  -78.970  3.384 0.0000000000
162494  -8.647  -78.470  3.568 0.0000000000
162495  -9.024  -77.944  3.665 0.0000000000
162496  -7.606  -77.348  3.872 0.0000000000
162497  -8.566  -77.400  3.777 0.0000000000
162498  -9.523  -77.457  3.694 0.0000000000
162499  -10.006  -76.983  3.662 0.0000000000
162500  -10.456  -76.530  3.626 0.0000000000
162501  -10.917  -76.089  3.504 0.0000000000
162502  -6.000  -74.644  4.411 0.0000000000
162503  -6.837  -74.833  4.269 0.0000000000
162504  -7.686  -74.965  4.049 0.0000000000
